-5.416676
-7.761219
-9.852581
-6.711867
-6.95842
-7.573089
-7.9248345
-8.7555675
-8.7772385
-6.327688666666667
-6.623409666666666
-6.468899666666666
-6.7672810000000005
-7.264946666666667
-7.001233
-7.0430600000000005
-7.089668666666667
-7.212391
-7.6047389999999995
-7.714005333333334
-7.814677
-8.272947666666667
-8.365395666666666
-8.490042666666666
-8.401543
-8.427852333333332
-8.417625333333334
-9.106131333333334
-9.127713666666667
-9.119917333333333
-6.07096275
-6.3414685
-6.28517675
-6.1793945
-6.48703775
-6.31894475
-6.77502475
-6.715755
-6.51040975
-7.04248925
-6.609314
-6.72701075
-6.833068
-6.67088125
-6.92279275
-6.93798075
-7.14768725
-7.2714945
-7.04014025
-7.39989125
-7.3435155
-7.597306
-7.74578775
-7.469196
-7.872219
-7.0899415
-7.41770525
-7.13001625
-7.39543625
-7.43965775
-7.19422975
-7.254951
-7.23920025
-7.31447825
-7.27776725
-7.63562725
-7.73345075
-7.68860125
-7.787027
-7.765221
-7.57120975
-7.67998825
-7.7191585
-7.70036
-7.7538485
-8.0687185
-8.182282
-8.199152
-8.21213825
-8.250943
-8.151084
-8.25401
-8.158017
-8.3261115
-8.2585065
-8.621077
-8.71901025
-8.69604125
-8.776075
-8.75782375
-8.23022125
-8.25253975
-8.25014775
-8.24447275
-8.262476
-8.735254
-8.76163675
-8.76962125
-8.74889275
-8.7798785
-9.285213
-9.300485
-9.30002125
-9.297329
-9.30754775
-6.27435275
-6.708783
-7.13189725
-7.22627425
-7.6417135
-7.41838075
-7.7089805
-8.14535975
-8.229344
-8.682689
-8.249054
-9.29772075
-6.53130225
-7.100103
-7.44350075
-7.312522
-7.78843775
-8.272793
-8.77039475
-8.259089
-9.302654
-5.9232488
-6.1415606
-6.1257738
-6.0167952
-6.077920000000001
-6.4543352
-6.4482236
-6.2426232
-6.315857599999999
-6.469547400000001
-6.6379898
-6.3625964
-6.5185668
-6.7579704000000005
-6.9662646
-6.6022558
-6.7900508
-7.066020399999999
-7.333749
-6.883809599999999
-6.472270399999999
-6.734996
-6.540044
-6.6515960000000005
-6.7275366000000005
-7.0849736
-6.8511104000000005
-6.9662014
-6.7898914
-6.9143761999999995
-6.942921200000001
-6.8490269999999995
-7.087755199999999
-7.270270999999999
-7.2788366
-7.1792846
-7.0263632000000005
-7.201436800000001
-7.3114362
-7.102986400000001
-7.3726158
-7.5730526
-7.6752892
-7.4650571999999995
-7.0689976
-7.4860126
-7.190114599999999
-7.3543232000000005
-7.4559321999999995
-7.670258
-7.6318056
-7.5713056
-7.774761
-7.985781
-8.0525536
-7.880465599999999
-6.896076600000001
-7.0207576000000005
-6.990683799999999
-7.089555799999999
-7.1768057999999995
-7.3455052
-7.338866
-7.388205000000001
-7.501143000000001
-7.6786206
-7.7214382
-7.710164399999999
-7.2400086
-7.4287514
-7.3157556
-7.494775199999999
-7.2953958
-7.3566552000000005
-7.345614
-7.3888126
-7.657938
-7.748024200000001
-7.705693800000001
-7.7773566
-7.6049956
-7.7008524
-7.7201656
-7.706112
-7.9964098
-8.0995754
-8.1053002
-8.1073922
-7.5870452
-7.791404
-7.6883596
-7.8518152
-8.0205102
-8.1279112
-8.096976
-8.1425776
-7.9509564
-8.0592446
-8.115305
-8.0473994
-8.3854974
-8.4921
-8.5140068
-8.49123
-7.9608526
-8.1545184
-8.0898612
-8.2198496
-8.0693682
-8.1706412
-8.0866498
-8.1879746
-8.449189200000001
-8.5515192
-8.5006086
-8.579093
-8.8486946
-8.9444928
-8.9283418
-8.962778199999999
-8.1308726
-8.1491344
-8.1486852
-8.1426922
-8.5207242
-8.545509599999999
-8.556561
-8.5322324
-8.540908
-8.5663418
-8.551467200000001
-8.5595692
-8.9452816
-8.9673236
-8.9777464
-8.955687399999999
-8.963537800000001
-8.9853714
-8.973555399999999
-8.9802196
-9.3956974
-9.4087316
-9.4087982
-9.4047314
-6.2361602
-6.6525836
-6.7123056000000005
-7.0859312
-7.4648532
-7.0431506
-7.412443000000001
-7.4084354
-7.788211800000001
-7.7905434
-8.177373
-7.367431600000001
-7.751473799999999
-8.1467384
-8.1480182
-8.5541154
-8.9724492
-8.1577248
-8.566271799999999
-8.985209600000001
-9.4137236
-5.830799
-6.031674833333334
-6.035469
-6.019628999999999
-6.028466833333333
-5.9081459999999995
-6.148851166666667
-6.122312166666667
-6.021190666666667
-6.163267666666666
-5.9322485
-6.274974333333333
-6.284118333333333
-6.267614166666667
-6.273366333333333
-6.071877166666667
-6.486572833333334
-6.457279666666667
-6.268566166666666
-6.505515
-6.124315500000001
-6.256244166666666
-6.4392785
-6.402011333333333
-6.3517676666666665
-6.1671775
-6.488511833333334
-6.601250666666666
-6.505944499999999
-6.5958365
-6.255072833333333
-6.4660071666666665
-6.689581166666667
-6.651426166666667
-6.582410333333333
-6.329072666666666
-6.780310666666666
-6.917132
-6.7778393333333335
-6.911078833333334
-6.4374845
-6.688201666666667
-6.968872666666667
-6.9293724999999995
-6.832377999999999
-6.5225505
-7.072901833333333
-7.246289999999999
-7.088506166666666
-7.239945
-6.266158999999999
-6.524236166666667
-6.409253333333333
-6.497308666666666
-6.405959666666667
-6.422519666666666
-6.580467166666666
-6.434399833333334
-6.40139
-6.591694166666667
-6.443382166666667
-6.7904903333333335
-6.6602741666666665
-6.769166333333334
-6.651708166666666
-6.652512333333333
-6.8947891666666665
-6.72482
-6.652468166666666
-6.904258666666667
-6.4869265
-6.640556833333334
-6.7434968333333325
-6.803607499999999
-6.689410333333334
-6.4987545
-6.831485
-6.870125666666667
-6.8780114999999995
-6.927723
-6.6974116666666665
-6.899775666666667
-7.007327166666666
-7.085695
-6.9473765
-6.780046
-7.132628166666667
-7.161343666666667
-7.152139166666667
-7.239137333333333
-6.6426555
-6.833962166666667
-7.0219716666666665
-7.0698975
-6.9258145
-6.707136666666667
-7.104789833333334
-7.187911499999999
-7.182485833333334
-7.231387166666667
-6.891060666666667
-7.112775166666666
-7.307516499999999
-7.372461833333333
-7.2030885
-6.973253166666667
-7.4109335
-7.491650666666666
-7.4870841666666665
-7.552660833333333
-6.693543333333333
-7.0978328333333325
-6.9394990000000005
-7.080300833333333
-6.927287499999999
-6.946317833333333
-7.220856333333334
-7.011309499999999
-6.930223000000001
-7.2277154999999995
-6.968683833333333
-7.198170166666666
-7.287168166666667
-7.4001615
-7.231674166666667
-7.072493333333333
-7.447702666666667
-7.4523736666666665
-7.4468950000000005
-7.561485
-7.192009
-7.422013499999999
-7.613689333333333
-7.702313
-7.5045
-7.286185333333333
-7.7322836666666666
-7.795878833333333
-7.805417833333333
-7.882362833333333
-6.510030333333333
-6.916802666666666
-6.721101666666667
-6.542159666666667
-6.917495333333334
-6.700953999999999
-6.937731666666667
-6.937273
-6.542121833333333
-6.74097
-6.639249666666667
-6.794047166666666
-6.798830833333334
-6.714844333333333
-6.790847833333333
-6.786128166666667
-6.864487666666666
-6.844434499999999
-6.722082166666667
-6.817318833333334
-6.834341333333334
-7.0504365
-7.067085666666666
-6.941161
-7.076607833333333
-7.002170333333333
-7.159056666666667
-7.163164166666667
-7.0295985
-7.088517166666667
-6.830742833333333
-7.031173
-7.065229833333333
-7.014345333333334
-7.023406666666666
-6.996632166666667
-7.164105333333333
-7.134066166666667
-7.017777333333334
-7.133417000000001
-7.061859666666667
-7.290479833333333
-7.358067666666667
-7.262008000000001
-7.3212535
-7.227854833333333
-7.4563785
-7.465968
-7.308502833333333
-7.2097655
-6.894445
-7.1275493333333335
-7.066471
-6.9773035000000005
-7.09881
-7.0952965
-7.181969333333334
-7.134092
-6.948391999999999
-7.091696333333334
-6.9274024999999995
-7.0421035
-7.074789
-7.061282166666667
-7.111858000000001
-6.9731055
-7.144760166666667
-7.1251291666666665
-7.132377666666667
-7.153762
-7.1770491666666665
-7.350942333333333
-7.362368333333333
-7.330221833333333
-7.4233305
-7.2662985
-7.4584081666666675
-7.428295333333334
-7.3935645
-7.442243833333333
-7.144491666666667
-7.290161166666667
-7.359805333333333
-7.3658255
-7.367172166666666
-7.2001
-7.4369906666666665
-7.433069333333333
-7.450748166666667
-7.472397166666667
-7.434634833333334
-7.6043125
-7.6671845
-7.651856333333334
-7.691417833333333
-7.5035118333333335
-7.754639999999999
-7.748660833333333
-7.739589333333334
-7.778888666666667
-7.143648833333334
-7.396910166666667
-7.3575903333333335
-7.307368333333333
-7.353014166666667
-7.357018666666666
-7.490969833333334
-7.423366333333333
-7.2687275
-7.4210585
-7.462155666666667
-7.631791166666667
-7.666894666666667
-7.663033833333333
-7.696552333333333
-7.536869
-7.761690833333333
-7.7393003333333334
-7.729393666666667
-7.781027666666667
-7.393529
-7.5502095
-7.6637751666666665
-7.684273666666667
-7.6419915
-7.447849333333333
-7.735557666666666
-7.753130333333334
-7.7927995
-7.815571166666667
-7.725800166666667
-7.8936806666666675
-7.987627333333333
-7.995210166666666
-7.986692666666666
-7.790243
-8.067796833333334
-8.071562666666667
-8.093742333333333
-8.127659833333334
-7.148912500000001
-7.427923333333333
-7.358912833333334
-7.206276666666667
-7.4143945
-7.363698666666667
-7.4881585
-7.463549333333333
-7.210445833333334
-7.356143666666667
-7.4211105
-7.693305666666666
-7.6702718333333335
-7.5634795
-7.687521833333334
-7.6301258333333335
-7.7935566666666665
-7.7663705
-7.562578166666667
-7.6997615
-7.5050091666666665
-7.697324500000001
-7.670088499999999
-7.601254166666667
-7.771974833333334
-7.6024415
-7.784418166666666
-7.743706666666667
-7.658740000000001
-7.725680333333333
-7.786392
-7.975765
-7.991977666666667
-7.950208333333333
-8.0568395
-7.875843499999999
-8.0952185
-8.066599166666666
-8.020674166666668
-8.076857
-8.0874635
-8.263432
-8.326263666666668
-8.305833
-8.359118166666667
-8.162479333333334
-8.413149833333334
-8.4017535
-8.396099
-8.436615833333333
-6.950238
-7.2529865
-6.978453666666667
-7.252409166666666
-6.977784833333334
-7.237772333333333
-7.268625
-6.993625000000001
-6.979176833333334
-7.270288666666667
-7.0093551666666665
-7.134726333333333
-7.053313500000001
-7.122648666666667
-7.056084666666667
-7.163628666666667
-7.145530333333333
-7.1108395
-7.052698833333333
-7.1678635
-7.262784833333334
-7.410589666666667
-7.335245166666667
-7.442152833333334
-7.320820833333333
-7.435150666666666
-7.452082333333333
-7.400759666666667
-7.358120833333333
-7.492816666666666
-7.214915333333334
-7.376700333333333
-7.349067000000001
-7.361458166666666
-7.349220333333334
-7.3721535
-7.4251923333333325
-7.4464405000000005
-7.345693833333333
-7.450170166666666
-7.4959370000000005
-7.660140999999999
-7.649582
-7.699392333333333
-7.623377166666667
-7.657963666666666
-7.7355814999999994
-7.7490871666666665
-7.677029833333333
-7.786659666666666
-7.241205333333333
-7.577762166666666
-7.2662165
-7.577587
-7.266348333333333
-7.564705166666666
-7.5914874999999995
-7.2790360000000005
-7.267365666666667
-7.593064333333333
-7.5624075
-7.719680666666666
-7.6355785
-7.784155833333333
-7.606832833333333
-7.752182333333334
-7.769850166666667
-7.694382
-7.677994833333333
-7.827948500000001
-7.815459
-7.9723836666666665
-7.964927333333333
-8.055726833333333
-7.921875833333334
-7.981382
-8.058729166666668
-8.055411166666667
-8.018514
-8.131503333333333
-7.299893999999999
-7.383222666666666
-7.501916333333334
-7.321060500000001
-7.383029333333333
-7.4895811666666665
-7.396518666666666
-7.395087166666666
-7.320768833333333
-7.511860166666666
-7.5780001666666665
-7.6713095
-7.8120045000000005
-7.621403166666667
-7.682051
-7.771760333333333
-7.7052631666666676
-7.7124835
-7.6324121666666676
-7.830324666666667
-7.315412666666667
-7.495141333333333
-7.3411355
-7.407076
-7.3792705000000005
-7.520168666666667
-7.474862833333333
-7.399287999999999
-7.295045166666667
-7.446306333333333
-7.369159
-7.413412166666667
-7.417352166666666
-7.405576666666666
-7.410089500000001
-7.446983166666667
-7.430202666666666
-7.407147166666667
-7.4089591666666665
-7.449225333333334
-7.676769
-7.742373833333333
-7.709608833333333
-7.713996666666667
-7.725966333333333
-7.7780385
-7.755789166666666
-7.7152356666666675
-7.694574500000001
-7.762382333333334
-7.633693
-7.703041666666667
-7.726947833333334
-7.691014833333334
-7.718409666666666
-7.717101666666667
-7.740014333333334
-7.737238166666667
-7.718396833333333
-7.762247333333334
-7.945104833333333
-8.031172833333333
-8.048566166666667
-8.018329
-8.040840166666667
-8.051472
-8.070017833333333
-8.0569245
-8.030689333333333
-8.0900345
-7.610808333333334
-7.795163166666666
-7.6413205
-7.752054333333334
-7.661191666666666
-7.829874333333334
-7.7916605
-7.694275666666667
-7.620728499999999
-7.7843098333333325
-7.629727833333334
-7.696681333333333
-7.7130155
-7.737825166666667
-7.687621833333334
-7.7147068333333335
-7.742424499999999
-7.7169574999999995
-7.740982833333334
-7.779820999999999
-7.973020666666667
-8.049294333333334
-8.032728166666667
-8.066836666666667
-8.019375833333333
-8.077644166666667
-8.081699333333333
-8.029473666666666
-8.039863500000001
-8.102759333333333
-7.9137835
-7.9916936666666665
-8.038523333333334
-8.037227833333334
-8.008985333333333
-7.994262
-8.058242833333333
-8.058145666666666
-8.0457115
-8.103124833333334
-8.268300333333334
-8.343692166666667
-8.37289
-8.381257
-8.3468535
-8.3582505
-8.401469833333334
-8.383037333333332
-8.392828
-8.420032166666667
-7.604554
-7.7022775
-7.812290166666667
-7.632705166666667
-7.692308833333333
-7.8131319999999995
-7.714081666666666
-7.702885833333333
-7.592573000000001
-7.830440666666667
-7.923020666666667
-8.022132000000001
-8.143331166666666
-7.936336166666667
-8.0243175
-8.134358333333333
-8.0341435
-8.032376333333334
-7.936394833333334
-8.150666833333334
-7.5682745
-7.768598666666667
-7.655450166666667
-7.648164333333334
-7.707279333333333
-7.770016666666667
-7.763931166666667
-7.747525333333333
-7.590558000000001
-7.7262745
-7.979400166666667
-8.062956333333334
-8.049628333333333
-8.001790166666668
-8.064187500000001
-8.083534666666667
-8.077441666666667
-8.056638
-8.0055815
-8.073314833333333
-7.937767999999999
-8.019643
-8.054265166666667
-8.006113000000001
-8.041939833333332
-8.025732833333334
-8.063598166666667
-8.068915833333334
-8.044054333333333
-8.090528333333333
-8.292556833333334
-8.374963333333334
-8.392054
-8.333834166666668
-8.387594166666666
-8.391007333333333
-8.405153333333333
-8.396741666666667
-8.287757666666666
-8.417138666666666
-7.881281666666666
-8.1223685
-7.971136166666667
-8.010398
-7.995242833333333
-8.084101333333333
-8.086305666666666
-8.054758166666668
-7.9403295
-8.0758195
-8.288099166666667
-8.3724205
-8.371008666666667
-8.366539666666666
-8.367645
-8.3867005
-8.407835666666667
-8.382924333333333
-8.370244999999999
-8.423887
-8.2329805
-8.314752333333333
-8.379268666666666
-8.3619235
-8.345632666666667
-8.309353
-8.389204333333334
-8.402308333333332
-8.414024833333334
-8.44079
-8.613058
-8.6898245
-8.727172833333332
-8.705361
-8.708193833333334
-8.699528333333333
-8.742642
-8.738160166666667
-8.735147833333334
-8.775439333333333
-7.9402004999999996
-8.119800833333334
-7.956572833333333
-8.113446166666668
-7.960854166666667
-8.169805166666666
-8.11858
-7.995657333333334
-7.956461333333333
-8.130315833333333
-8.223798333333333
-8.397800333333334
-8.299076666666666
-8.384834333333332
-8.30149
-8.428378499999999
-8.418017
-8.367209833333334
-8.296229333333333
-8.431821833333332
-8.018438999999999
-8.09108
-8.042419333333333
-8.047006
-8.052584
-8.139739666666665
-8.092443333333334
-8.028148833333333
-7.999744666666667
-8.089710333333334
-8.329718
-8.406621833333334
-8.384254333333333
-8.3514655
-8.395176333333334
-8.443443833333333
-8.416793166666666
-8.3814455
-8.336572
-8.416188166666666
-8.341410833333333
-8.416925333333333
-8.364897000000001
-8.415653833333334
-8.359804666666667
-8.463136
-8.429935666666667
-8.348473666666667
-8.354747333333334
-8.438618333333332
-8.662555833333334
-8.734688666666667
-8.719114666666666
-8.727961833333334
-8.712045
-8.769634
-8.758815
-8.712939166666667
-8.707273166666667
-8.773467166666666
-8.669869666666667
-8.743008666666666
-8.742452666666667
-8.682847666666666
-8.747917166666666
-8.778397
-8.755123833333334
-8.736489333333333
-8.6876445
-8.759419166666666
-9.009408
-9.0739625
-9.084826
-9.066136666666667
-9.073804
-9.105623333333334
-9.103189
-9.0789295
-9.070752
-9.123557333333332
-8.066120666666666
-8.082757333333333
-8.081703333333333
-8.080215
-8.081681
-8.0751835
-8.088973000000001
-8.088817
-8.081016333333332
-8.088627
-8.3826345
-8.404656333333334
-8.415768
-8.413413666666667
-8.410742166666667
-8.391794666666668
-8.4222945
-8.4287465
-8.422263666666668
-8.428253833333333
-8.399802333333334
-8.422264833333333
-8.413799166666667
-8.4206155
-8.414149833333333
-8.415746166666667
-8.427500333333333
-8.3994845
-8.399059666666666
-8.427500166666666
-8.724865333333334
-8.745643333333334
-8.760087833333333
-8.764214166666667
-8.752038666666666
-8.733599666666667
-8.766758333333334
-8.772343000000001
-8.772372666666667
-8.777384
-8.742361166666667
-8.7679615
-8.762065166666668
-8.753945
-8.768478166666666
-8.7571005
-8.772044666666668
-8.772286833333334
-8.754688666666667
-8.766315666666666
-9.089773166666667
-9.107801499999999
-9.116803833333334
-9.1146875
-9.114338333333334
-9.097327333333334
-9.121261666666667
-9.127242
-9.121820833333333
-9.125791
-9.103683666666667
-9.121138166666666
-9.114616666666667
-9.120200666666667
-9.115846333333334
-9.117131166666667
-9.125135166666666
-9.118955166666668
-9.11397
-9.124107333333333
-9.470277833333332
-9.480603833333333
-9.480470666666667
-9.480006
-9.481865166666667
-9.476928666666668
-9.483883333333333
-9.484273166666666
-9.4801055
-9.482944
