-5.4166759999999998
-7.7612189999999996
-9.8525810000000007
-13.423734
-13.916840000000001
-15.146178000000001
-15.849669
-17.511134999999999
-17.554476999999999
-18.983066000000001
-19.870228999999998
-19.406699
-20.301843000000002
-21.794840000000001
-21.003699000000001
-21.129180000000002
-21.269006000000001
-21.637173000000001
-22.814216999999999
-23.142016000000002
-23.444030999999999
-24.818843000000001
-25.096187
-25.470127999999999
-25.204629000000001
-25.283556999999998
-25.252876000000001
-27.318394000000001
-27.383140999999998
-27.359752
-24.283850999999999
-25.365874000000002
-25.140706999999999
-24.717578
-25.948150999999999
-25.275779
-27.100099
-26.863019999999999
-26.041639
-28.169957
-26.437256000000001
-26.908042999999999
-27.332272
-26.683524999999999
-27.691171000000001
-27.751923000000001
-28.590748999999999
-29.085978000000001
-28.160561000000001
-29.599564999999998
-29.374061999999999
-30.389223999999999
-30.983150999999999
-29.876784000000001
-31.488876000000001
-28.359766
-29.670821
-28.520064999999999
-29.581745000000002
-29.758631000000001
-28.776918999999999
-29.019804000000001
-28.956800999999999
-29.257912999999999
-29.111069000000001
-30.542508999999999
-30.933803000000001
-30.754404999999998
-31.148108000000001
-31.060884000000001
-30.284839000000002
-30.719953
-30.876633999999999
-30.801439999999999
-31.015394000000001
-32.274873999999997
-32.729128000000003
-32.796607999999999
-32.848553000000003
-33.003771999999998
-32.604336000000004
-33.016039999999997
-32.632067999999997
-33.304445999999999
-33.034025999999997
-34.484307999999999
-34.876041000000001
-34.784165000000002
-35.104300000000002
-35.031295
-32.920884999999998
-33.010159000000002
-33.000591
-32.977891
-33.049903999999998
-34.941015999999998
-35.046546999999997
-35.078485000000001
-34.995570999999998
-35.119514000000002
-37.140852000000002
-37.20194
-37.200085000000001
-37.189315999999998
-37.230190999999998
-25.097411000000001
-26.835132000000002
-28.527588999999999
-28.905097000000001
-30.566853999999999
-29.673522999999999
-30.835922
-32.581439000000003
-32.917375999999997
-34.730756
-32.996215999999997
-37.190882999999999
-26.125209000000002
-28.400411999999999
-29.774003
-29.250088000000002
-31.153751
-33.091172
-35.081578999999998
-33.036355999999998
-37.210616000000002
-29.616243999999998
-30.707802999999998
-30.628869000000002
-30.083976
-30.389600000000002
-32.271675999999999
-32.241118
 -.31213116E+02
-31.579287999999998
-32.347737000000002
-33.189948999999999
-31.812982000000002
-32.592834000000003
-33.789852000000003
-34.831322999999998
-33.011279000000002
-33.950254000000001
-35.330101999999997
-36.668745000000001
-34.419047999999997
-32.361351999999997
-33.674979999999998
-32.700220000000002
-33.257980000000003
-33.637683000000003
-35.424867999999996
-34.255552000000002
-.34831007E+02
-33.949457000000002
-34.571880999999998
-34.714606000000003
-34.245134999999998
-35.438775999999997
-36.351354999999998
-36.394182999999998
-35.896422999999999
-35.131816000000001
-36.007184000000002
-36.557181
-35.514932000000002
-36.863078999999999
-37.865262999999999
-38.376446000000001
-37.325285999999998
-35.344988000000001
-37.430062999999997
-35.950572999999999
-36.771616000000002
-37.279660999999997
-38.351289999999999
-38.159027999999999
-37.856527999999997
-38.873804999999997
-39.928905
-40.262768000000001
-39.402327999999997
-34.480383000000003
-35.103788000000002
-34.953418999999997
-35.447778999999997
-35.884028999999998
-36.727525999999997
-36.694330000000001
-36.941025000000003
-37.505715000000002
-38.393103000000004
-38.607191
-38.550821999999997
-36.200043000000001
-37.143757000000001
-36.578778
-37.473875999999997
-36.476979
-36.783276000000001
-36.728070000000002
-36.944063
-38.28969
-38.740121000000002
-38.528469000000001
-38.886783000000001
-38.024977999999997
-38.504261999999997
-38.600828
-38.530560000000001
-39.982049000000004
-40.497877000000003
-40.526501000000003
-40.536960999999998
-37.935226
-38.95702
-38.441797999999999
-39.259076
-40.102550999999998
-40.639555999999999
-40.484879999999997
-40.712888
-39.754781999999999
-40.296222999999998
-40.576524999999997
-40.236997000000002
-41.927486999999999
-42.460500000000003
-42.570034
-42.456150000000001
-39.804262999999999
-40.772592000000003
-40.449306
-41.099248000000003
-40.346840999999998
-40.853206
-40.433249000000004
-40.939872999999999
-42.245946000000004
-42.757595999999999
-42.503042999999998
-42.895465000000002
-44.243473000000002
-44.722464000000002
-44.641708999999999
-44.813890999999998
-40.654362999999996
-40.745671999999999
-40.743425999999999
-40.713461000000002
-42.603620999999997
-42.727547999999999
-42.782805000000003
-42.661161999999997
-42.704540000000001
-42.831708999999996
-42.757336000000002
-42.797846
-44.726407999999999
-44.836618000000001
-44.888731999999997
-44.778436999999997
-44.817689000000001
-44.926856999999998
-44.867776999999997
-44.901097999999998
-46.978487000000001
-47.043658000000001
-47.043990999999998
-47.023657
-31.180800999999999
-33.262917999999999
-33.561528000000003
-35.429656000000001
-37.324266000000001
-35.215752999999999
-37.062215000000002
-37.042177000000002
-38.941059000000003
-38.952717
-40.886865
-36.837158000000002
-38.757368999999997
-40.733691999999998
-40.740091
-42.770577000000003
-44.862245999999999
-40.788623999999999
-42.831358999999999
-44.926048000000002
-47.068618000000001
-34.984794000000001
-36.190049000000002
-36.212814000000002
-36.117773999999997
-36.170800999999997
-35.448875999999998
-36.893107000000001
-36.733873000000003
-36.127144000000001
-36.979605999999997
-35.593491
-37.649845999999997
-37.704709999999999
-37.605685000000001
-37.640197999999998
-36.431263000000001
-38.919437000000002
-38.743678000000003
-37.611396999999997
-39.033090000000001
-36.745893000000002
-37.537464999999997
-38.635671000000002
-38.412067999999998
-38.110605999999997
-37.003064999999999
-38.931071000000003
-39.607503999999999
-39.035666999999997
-39.575018999999998
-37.530436999999999
-38.796042999999997
-40.137487
-39.908557000000002
-39.494461999999999
-37.974435999999997
-40.681863999999997
-41.502791999999999
-40.667036000000003
-41.466473000000001
-38.624907
-40.12921
-41.813236000000003
-41.576234999999997
-40.994267999999998
-39.135303
-42.437410999999997
-43.477739999999997
-42.531036999999998
-43.43967
-37.596953999999997
-39.145417000000002
-38.45552
-38.983851999999999
-38.435758
-38.535117999999997
-39.482802999999997
-38.606399000000003
-38.408340000000003
-39.550165
-38.660293000000003
-40.742941999999999
-39.961644999999997
-40.614998
-39.910249
-.39915074E+02
-41.368735000000001
-40.34892
-39.914808999999998
-41.425552000000003
-38.921559000000002
-39.843341000000002
-40.460980999999997
-40.821644999999997
-40.136462000000002
-38.992527000000003
-40.988909999999997
-41.220753999999999
-41.268068999999997
-41.566338000000002
-40.184469999999997
-41.398654000000001
-42.043962999999998
-42.51417
-41.684258999999997
-40.680275999999999
-42.795769
-42.968062000000003
-.42912835E+02
-43.434823999999999
-39.855933
-41.003773000000002
-42.131830000000001
-42.419384999999998
-41.554887000000001
-40.242820000000002
-42.628739000000003
-43.127468999999998
-43.094915
-43.388323
-41.346364000000001
-42.676651
-43.845098999999998
-44.234771000000002
-43.218530999999999
-41.839519000000003
-44.465600999999999
-44.949903999999997
-44.922505000000001
-45.315964999999998
-40.161259999999999
-42.586996999999997
-41.636994000000001
-42.481805000000001
-41.563724999999998
-41.677906999999998
-43.325138000000003
-42.067856999999997
-41.581338000000002
-43.366292999999999
-41.812103
-43.189020999999997
-43.723008999999998
-44.400969000000003
-43.390045000000001
-42.434959999999997
-44.686216000000002
-44.714241999999999
-44.681370000000001
-45.36891
-43.152054
-44.532080999999998
-45.682136
-46.213878000000001
-45.027000000000001
-43.717112
-46.393701999999998
-46.775272999999999
-46.832507
-47.294176999999998
-39.060181999999998
-41.500816
-40.326610000000002
-39.252958
-41.504972000000002
-40.205723999999996
-41.626390000000001
-41.623638
-39.252730999999997
-40.445819999999998
-39.835498000000001
-40.764282999999999
-40.792985000000002
-40.289065999999998
-40.745086999999998
-40.716768999999999
-41.186926
-41.066606999999998
-40.332492999999999
-40.903913000000003
-41.006048
-42.302619
-42.402513999999996
-41.646965999999999
-42.459646999999997
-42.013021999999999
-42.954340000000002
-42.978985000000002
-.42177591E+02
-42.531103000000002
-40.984456999999999
-42.187038000000001
-42.391379000000001
-42.086072000000001
-42.140439999999998
-41.979793000000001
-42.984631999999998
-42.804397000000002
-42.106664000000002
-42.800502000000002
-42.371158000000001
-43.742879000000002
-44.148406000000001
-43.572048000000002
-43.927520999999999
-43.367128999999998
-44.738270999999997
-44.795808000000001
-43.851016999999999
-43.258592999999998
-41.366669999999999
-42.765295999999999
-42.398826
-41.863821000000002
-42.592860000000002
-42.571778999999999
-43.091816000000001
-42.804552000000001
-41.690351999999997
-42.550178000000002
-.41564415E+02
-42.252620999999998
-42.448734000000002
-42.367693000000003
-42.671148000000002
-41.838633000000002
-42.868561
-42.750774999999997
-42.794266
-42.922572000000002
-43.062294999999999
-44.105654000000001
-44.174210000000002
-43.981330999999997
-44.539982999999999
-43.597791000000001
-44.750449000000003
-44.569772
-44.361387000000001
-44.653463000000002
-42.866950000000003
-43.740966999999998
-44.158831999999997
-44.194952999999998
-44.203032999999998
-43.200600000000001
-44.621943999999999
-44.598416
-44.704489000000002
-44.834383000000003
-44.607809000000003
-45.625875000000001
-46.003107
-45.911138000000001
-46.148507000000002
-45.021070999999999
-46.527839999999998
-46.491965
-46.437536000000001
-46.673332000000002
-42.861893000000002
-44.381461000000002
-44.145541999999999
-43.844209999999997
-44.118085000000001
-44.142111999999997
-44.945819
-44.540197999999997
-43.612364999999997
-44.526350999999998
-44.772933999999999
-45.790747000000003
-46.001367999999999
-45.978203000000001
-46.179313999999998
-45.221214000000003
-46.570144999999997
-46.435802000000002
-46.376362
-46.686166
-44.361173999999998
-45.301257
-45.982650999999997
-46.105642000000003
-45.851948999999998
-44.687095999999997
-46.413345999999997
-46.518782000000002
-46.756796999999999
-46.893427000000003
-46.354801000000002
-47.362084000000003
-47.925764000000001
-47.971260999999998
-47.920155999999999
-46.741458000000002
-48.406781000000002
-48.429375999999998
-48.562454000000002
-48.765959000000002
-42.893475000000002
-44.567540000000001
-44.153477000000002
-43.237659999999998
-44.486367000000001
-44.182192000000001
-44.928950999999998
-44.781295999999998
-43.262675000000002
-44.136862000000001
-44.526662999999999
-46.159833999999996
-46.021630999999999
-45.380876999999998
-46.125131000000003
-45.780754999999999
-46.761339999999997
-46.598222999999997
-45.375469000000002
-46.198568999999999
-45.030054999999997
-46.183947000000003
-46.020530999999998
-45.607525000000003
-46.631849000000003
-45.614649
-46.706508999999997
-46.462240000000001
-45.952440000000003
-46.354081999999998
-46.718352000000003
-47.854590000000002
-47.951866000000003
-47.701250000000002
-48.341037
-47.255060999999998
-48.571311000000001
-48.399594999999998
-48.124045000000002
-48.461142000000002
-48.524780999999997
-49.580592000000003
-49.957582000000002
-49.834997999999999
-50.154708999999997
-48.974876000000002
-50.478898999999998
-50.410521000000003
-50.376593999999997
-50.619695
-41.701428
-43.517918999999999
-41.870722000000001
-43.514454999999998
-41.866709
-43.426634
-43.611750000000001
-41.961750000000002
-41.875061000000002
-43.621732000000002
-42.056131000000001
-42.808357999999998
-42.319881000000002
-42.735892
-42.336508000000002
-42.981771999999999
-42.873182
-42.665036999999998
-42.316192999999998
-43.007181000000003
-43.576709000000001
-44.463538
-44.011471
-44.652917000000002
-43.924925000000002
-44.610903999999998
-44.712494
-44.404558000000002
-44.148724999999999
-44.956899999999997
-43.289492000000003
-44.260202
-44.094402000000002
-44.168748999999998
-44.095322000000003
-44.232920999999997
-44.551153999999997
-44.678643000000001
-44.074162999999999
-44.701020999999997
-44.975622000000001
-45.960845999999997
-45.897492
-46.196353999999999
-45.740262999999999
-45.947781999999997
-46.413488999999998
-46.494523000000001
-46.062179
-46.719957999999998
-43.447232
-45.466572999999997
-43.597299
-45.465522
-43.598089999999999
-45.388230999999998
-45.548924999999997
-43.674216000000001
-43.604194
-45.558385999999999
-45.374445000000001
-46.318083999999999
-45.813471
-46.704934999999999
-45.640996999999999
-46.513094000000002
-46.619101000000001
-46.166291999999999
-46.067968999999998
-46.967691000000002
-46.892753999999996
-47.834302000000001
-47.789563999999999
-48.334361000000001
-47.531255000000002
-47.888292
-48.352375000000002
-48.332467000000001
-48.111083999999998
-48.789020000000001
-43.799363999999997
-44.299335999999997
-45.011498000000003
-43.926363000000002
-44.298175999999998
-44.937486999999997
-44.379111999999999
-44.370522999999999
-43.924613000000001
-45.071160999999996
-45.468001000000001
-46.027856999999997
-46.872027000000003
-45.728419000000002
-46.092306000000001
-46.630561999999998
-46.231579000000004
-46.274901
-45.794473000000004
-46.981948000000003
-43.892476000000002
-44.970847999999997
-44.046813
-44.442456
-44.275623000000003
-45.121012
-44.849176999999997
-44.395727999999998
-43.770271000000001
-44.677838000000001
-44.214953999999999
-44.480473000000003
-44.504112999999997
-44.433459999999997
-44.460537000000002
-44.681899000000001
-44.581215999999998
-44.442883000000002
-44.453755000000001
-44.695352
-46.060614000000001
-46.454242999999998
-46.257652999999998
-46.28398
-46.355798
-46.668230999999999
-46.534734999999998
-46.291414000000003
-46.167447000000003
-46.574294000000002
-45.802157999999999
-46.218249999999998
-46.361687000000003
-46.146089000000003
-46.310457999999997
-46.302610000000001
-46.440086000000001
-46.423428999999999
-46.310381
-46.573484000000001
-47.670628999999998
-48.187036999999997
-48.291397000000003
-48.109974000000001
-48.245041000000001
-48.308832000000002
-48.420107000000002
-48.341546999999998
-48.184136000000002
-48.540207000000002
-45.664850000000001
-46.770978999999997
-45.847923000000002
-46.512326000000002
-45.967149999999997
-46.979246000000003
-46.749963000000001
-46.165654000000004
-45.724370999999998
-46.705858999999997
-45.778367000000003
-46.180087999999998
-46.278092999999998
-46.426951000000003
-46.125731000000002
-46.288240999999999
-46.454546999999998
-46.301744999999997
-46.445897000000002
-46.678925999999997
-47.838124000000001
-48.295766
-48.196368999999997
-48.401020000000003
-48.116255000000002
-48.465865000000001
-48.490195999999997
-48.176842000000001
-48.239181000000002
-48.616556000000003
-47.482700999999999
-47.950161999999999
-48.231140000000003
-48.223367000000003
-48.053911999999997
-47.965572000000002
-48.349457000000001
-48.348874000000002
-48.274268999999997
-48.618749000000001
-49.609802000000002
-50.062153000000002
-50.237340000000003
-50.287542000000002
-50.081121000000003
-50.149503000000003
-50.408819000000001
-50.298223999999998
-50.356968000000002
-50.520192999999999
-45.627324000000002
-46.213664999999999
-46.873741000000003
-45.796230999999999
-46.153852999999998
-46.878791999999997
-46.284489999999998
-46.217314999999999
-45.555438000000002
-46.982644000000001
-47.538124000000003
-48.132792000000002
-48.859986999999997
-47.618017000000002
-48.145904999999999
-48.806150000000002
-48.204861000000001
-48.194257999999998
-47.618369000000001
-48.904001000000001
-45.409647
-46.611592000000002
-45.932701000000002
-45.888986000000003
-46.243676000000001
-46.620100000000001
-46.583587000000001
-46.485151999999999
-45.543348000000002
-46.357647
-47.876401000000001
-48.377738000000001
-48.29777
-48.010741000000003
-48.385125000000002
-48.501207999999998
-48.464649999999999
-48.339827999999997
-48.033489000000003
-48.439889000000001
-47.626607999999997
-48.117857999999998
-48.325591000000003
-48.036678000000002
-48.251638999999997
-48.154397000000003
-48.381588999999998
-48.413494999999998
-48.264325999999997
-48.543170000000003
-49.755341000000001
-50.249780000000001
-50.352324000000003
-50.003005000000002
-50.325564999999997
-50.346043999999999
-50.43092
-50.380450000000003
-49.726545999999999
-50.502831999999998
-47.287689999999998
-48.734211000000002
-47.826816999999998
-48.062387999999999
-47.971457000000001
-48.504607999999998
-48.517834000000001
-48.328549000000002
-47.641976999999997
-48.454917000000002
-49.728594999999999
-50.234523000000003
-50.226052000000003
-50.199238000000001
-50.205869999999997
-50.320202999999999
-50.447014000000003
-50.297545999999997
-50.221469999999997
-50.543322000000003
-49.397883
-49.888514000000001
-50.275612000000002
-50.171540999999998
-50.073796000000002
-49.856118000000002
-50.335225999999999
-50.413849999999996
-50.484149000000002
-50.644739999999999
-51.678348
-52.138947000000002
-52.363036999999998
-52.232165999999999
-52.249163000000003
-52.19717
-52.455852
-52.428961000000001
-52.410887000000002
-52.652636000000001
-47.641202999999997
-48.718805000000003
-47.739437000000002
-48.680677000000003
-47.765124999999998
-49.018830999999999
-48.711480000000002
-47.973944000000003
-47.738768
-48.781894999999999
-49.342790000000001
-50.386802000000003
-49.794460000000001
-50.309005999999997
-49.80894
-50.570270999999998
-50.508102000000001
-50.203259000000003
-49.777375999999997
-50.590930999999998
-48.110633999999997
-48.546480000000003
-48.254516000000002
-48.282035999999998
-48.315503999999997
-48.838437999999996
-48.554659999999998
-48.168892999999997
-47.998468000000003
-48.538262000000003
-49.978307999999998
-50.439731000000002
-50.305526
-50.108792999999999
-50.371057999999998
-50.660663
-50.500759000000002
-50.288673000000003
-50.019432000000002
-50.497129000000001
-50.048465
-50.501551999999997
-50.189382000000002
-50.493923000000002
-50.158828
-50.778815999999999
-50.579613999999999
-50.090842000000002
-50.128484
-50.631709999999998
-51.975335000000001
-52.408132000000002
-52.314687999999997
-52.367770999999998
-52.272269999999999
-52.617804
-52.552889999999998
-52.277634999999997
-52.243639000000002
-52.640802999999998
-52.019218000000002
-52.458052000000002
-52.454715999999998
-52.097085999999997
-52.487502999999997
-52.670381999999996
-52.530743000000001
-52.418936000000002
-52.125867
-52.556514999999997
-54.056448000000003
-54.443775000000002
-54.508955999999998
-54.396819999999998
-54.442824000000002
-54.633740000000003
-54.619134000000003
-54.473576999999999
-54.424512
-54.741343999999998
-48.396723999999999
-48.496544
-48.490220000000001
-48.481290000000001
-48.490085999999998
-48.451101000000001
-48.533838000000003
-48.532902
-48.486097999999998
-48.531762000000001
-50.295807000000003
-50.427937999999997
-50.494607999999999
-50.480482000000002
-50.464452999999999
-50.350768000000002
-50.533766999999997
-50.572479000000001
-50.533582000000003
-50.569522999999997
-50.398814000000002
-50.533588999999999
-50.482795000000003
-50.523693000000002
-50.484898999999999
-50.494477000000003
-50.565002
-50.396906999999999
-50.394357999999997
-50.565001000000002
-52.349192000000002
-52.473860000000002
-52.560527
-52.585284999999999
-52.512231999999997
-52.401598
-52.600549999999998
-52.634058000000003
-52.634236000000001
-52.664304000000001
-52.454166999999998
-52.607768999999998
-52.572391000000003
-52.523670000000003
-52.610869000000001
-52.542603
-52.632268000000003
-52.633721000000001
-52.528131999999999
-52.597893999999997
-54.538639000000003
-54.646808999999998
-54.700823
-54.688124999999999
-54.686030000000002
-54.583964000000002
-54.72757
-54.763452000000001
-54.730924999999999
-54.754745999999997
-54.622101999999998
-54.726829000000002
-54.6877
-54.721204
-54.695078000000002
-54.702787000000001
-54.750810999999999
-54.713731000000003
-54.683819999999997
-54.744644000000001
-56.821666999999998
-56.883623
-56.882823999999999
-56.880035999999997
-56.891190999999999
-56.861572000000002
-56.903300000000002
-56.905639000000001
-56.880633000000003
-56.897663999999999
