-3.74623117
-5.38239656
-5.01338268
-5.24541969
-4.622659283333333
-4.697166103333333
-4.68907028
-5.122595526666667
-5.3211662833333335
-5.3114223
-4.4040238225
-4.4062663325
-4.39625069
-4.4712694625
-4.388753855
-4.7684591675
-5.042401825
-5.1758801175
-4.91171216
-5.17224105
-5.173864705
-5.36537628
-5.3627956475
-5.316919745
-5.42448662
-4.38004652
-5.3830392
-4.388644255
-5.4492843325
-4.265949886
-4.268169126
-4.296860074
-4.34388297
-4.550891066
-4.791174586
-4.82479099
-4.680616435999999
-4.777365536
-4.931634034
-4.864139618
-4.924440796
-4.865078342
-5.0935463720000005
-5.2098689899999995
-4.995707356
-5.074229966
-5.2995830779999995
-5.182311558
-5.286458754
-5.203959056
-5.36519409
-5.37220328
-5.3196433480000005
-4.2649983339999995
-4.88607801
-5.266731808
-5.424230742000001
-4.179727358333333
-4.180663806666667
-4.17859205
-4.179339211666666
-4.204991386666666
-4.235731928333333
-4.1859501450000005
-4.1810850083333335
-4.17843566
-4.176225355000001
-4.418204883333334
-4.611879076666667
-4.672630923333333
-4.595902686666666
-4.676382376666667
-4.53579436
-4.675439935
-4.674399165
-4.699685496666667
-4.658956991666667
-4.601822936666667
-4.65314423
-4.647035493333333
-4.681649063333333
-4.592068891666666
-4.727725416666667
-4.656538051666667
-4.617967608333333
-4.596214781666666
-4.647700705
-4.659565066666667
-4.845567835
-5.03518331
-5.12028235
-4.927689365
-4.78874151
-5.104285788333333
-5.073567261666667
-5.19276189
-5.171839046666666
-4.855735478333333
-5.0646667800000005
-5.049063105
-4.9362249700000005
-5.1365704899999995
-5.01732622
-5.089367366666667
-5.063331343333333
-4.935869771666667
-5.08082265
-4.928744239999999
-5.147165696666667
-5.278118563333334
-5.269824625
-5.250465518333333
-5.038974268333333
-5.312026291666666
-5.333625058333333
-5.34568767
-5.354705031666666
-5.108124695
-5.326324376666666
-5.270872483333333
-5.348724876666666
-5.243930471666666
-5.281215111666667
-5.394365551666667
-5.268823591666666
-5.270038903333334
-5.387244873333334
-5.224151843333334
-5.363404738333333
-5.38911474
-5.378626148333333
-5.379221538333333
-5.322534768333333
-5.430858925
-5.428998605
-5.391583888333333
-5.438172633333333
-4.11801507
-4.117041695714286
-4.123239424285715
-4.145356611428571
-4.168601545714286
-4.118949964285714
-4.321570772857143
-4.482603401428571
-4.512560327142857
-4.478438692857143
-4.421529068571429
-4.552711908571429
-4.477659350000001
-4.514708882857143
-4.519448371428571
-4.522003954285714
-4.602921274285714
-4.51899534
-4.528362332857143
-4.674799825714286
-4.862073854285714
-4.864833185714287
-4.654296404285715
-4.902564865714285
-4.493956161428572
-4.520922968571429
-4.579272805714285
-4.542609007142857
-4.565898227142857
-4.5034519642857145
-4.687504841428571
-4.847314425714286
-4.850932928571429
-4.911433508571428
-4.835463154285714
-4.910955461428571
-4.739498091428572
-4.925315727142857
-5.077660615714286
-5.157622554285714
-4.864094448571429
-5.140531111428571
-4.7039646642857145
-4.911010168571429
-4.977446172857142
-4.770136997142857
-4.823325584285714
-4.9737586700000005
-4.843967418571429
-5.01818465
-4.911319677142857
-4.9626720014285715
-5.014810932857143
-4.997657274285714
-4.906353561428571
-5.109813581428571
-5.152871761428571
-5.112297161428572
-5.057909538571429
-5.206651755714286
-4.917887704285714
-5.149432204285715
-5.199187142857142
-5.0356400442857145
-5.079781564285715
-5.222029881428571
-4.982875118571428
-5.17365847
-5.2905837528571436
-5.27132019
-5.086347694285714
-5.3192653085714285
-5.053835924285714
-5.2829939885714285
-5.131990187142857
-5.213343655714286
-5.275658668571429
-5.267053252857143
-5.135119342857143
-5.325939231428571
-5.286845481428571
-5.345611502857143
-5.281330522857142
-5.374168607142857
-5.149181645714286
-5.343763702857143
-5.340715771428571
-5.2431389528571435
-5.312775788571429
-5.375201978571428
-5.246292845714286
-5.3717424114285715
-5.381487398571429
-5.375621694285714
-5.328713469999999
-5.420365317142857
-4.120320075714286
-4.523844944285714
-4.931838085714285
-4.906787018571428
-5.202028622857143
-5.163995008571428
-5.351914654285714
-5.425231797142857
-4.07012612375
-4.06523766875
-4.07012707875
-4.06179219
-4.0931720175
-4.115552715
-4.06723535125
-4.06965413
-4.24902491
-4.39277308875
-4.42102793
-4.3935642175
-4.44587499375
-4.33408029
-4.4499276575
-4.4322063225
-4.3850774975
-4.41438961625
-4.40683244375
-4.39770951
-4.39371858
-4.487310035
-4.4161118475
-4.4042886075
-4.4260207075
-4.55532147375
-4.72151359625
-4.7077518375
-4.63306768
-4.53669710875
-4.75653520375
-4.773365055
-4.398142735
-4.422452015
-4.45780755125
-4.44513367375
-4.4412626225
-4.471983795
-4.4115057075
-4.40712744625
-4.5696135125
-4.6936828325
-4.7023450825
-4.75655655625
-4.76089778125
-4.712513805
-4.7513204425
-4.7769031375
-4.61365385375
-4.76413649375
-4.904645935
-5.090624165
-4.872979175
-4.73298270375
-4.953661305
-5.10018492125
-4.57807796
-4.74545871625
-4.7864121425
-4.63473557875
-4.77997693125
-4.6904321925
-4.79523736625
-4.7816137175
-4.7014249
-4.79332969875
-4.74035412875
-4.7155053475
-4.68711647
-4.85425201125
-4.7978673525
-4.72450828875
-4.75252907875
-4.90427327875
-4.98911397875
-4.9394029925
-4.92649755125
-4.89795768625
-5.039294865
-4.9874968575
-4.75827058625
-4.96324472625
-5.00168901625
-4.904943165
-5.02387892375
-4.91598474875
-5.05019211625
-5.060169965
-4.81071859375
-4.97060213
-5.108339215
-5.20623318375
-5.0425703575
-4.92014085625
-5.1660782875
-5.2361081
-4.71772707
-4.8408107
-4.79830259375
-4.81900689625
-4.7760118275
-4.83446800375
-4.80772462875
-4.79740116375
-4.76314802
-4.95430356625
-5.04538111625
-4.9008784075
-5.01441577875
-4.883271025
-5.08771921375
-5.07531117375
-4.8928927675
-5.10307492375
-5.03887791125
-4.99603494875
-5.11600118375
-5.07749147125
-5.10200330625
-5.0543199125
-4.90315149625
-5.0871138575
-5.01275515625
-5.20677880875
-5.11928904625
-5.07343485375
-5.07621151375
-5.2153794275
-5.19269845
-5.13822177
-5.1790374075
-5.27711931625
-5.21321041625
-5.081456995
-5.23045401125
-5.27429828375
-4.96089773125
-5.18362175875
-5.25550184875
-5.0400482275
-5.26077965125
-5.1114073525
-5.2753565475
-5.26800262875
-5.02504512375
-5.19749065625
-5.30182479875
-5.301528595
-5.260680795
-5.11737771
-5.33087804625
-5.37707615375
-5.09686164875
-5.29493387125
-5.2003732075
-5.15823251125
-5.18607274625
-5.27438907375
-5.3463625425
-5.19612606
-5.09980322875
-5.30660998125
-5.22421925125
-5.31395997125
-5.24714262625
-5.2898045625
-5.27724345625
-5.29259336875
-5.15386143625
-5.335873705
-5.3031035
-5.37103078625
-5.28908584625
-5.28747121125
-5.39858748
-5.37547388875
-5.16869552375
-5.3475045725
-5.35291142
-5.35892934
-5.35031678125
-5.313122245
-5.39006449125
-5.401805865
-5.26182724
-5.37142781875
-5.381756805
-5.3809079525
-5.37318704625
-5.33745346125
-5.415902125
-5.4193210625
-4.08665644875
-4.077411815
-4.06318649875
-4.0674323675
-4.08177412
-4.42695000375
-4.41505275375
-4.42542612375
-4.4449232075
-4.41106521125
-4.3956355525
-4.459069255
-4.3979563825
-4.39275067125
-4.394531525
-4.74010249
-4.7705279725
-4.74574205
-4.809339255
-4.79776671375
-4.7493359675
-4.683743135
-4.75877959375
-4.77995758125
-4.76530659375
-5.0305515925
-4.99622702375
-5.04789331375
-5.15633711875
-5.18037382875
-4.6961927375
-4.75552939375
-4.77000394625
-4.78043796625
-4.7179648825
-4.8057805825
-4.843059135
-4.77728464875
-4.8219242125
-4.81100607
-5.02657548125
-5.0808883775
-5.04412383125
-5.08144389125
-5.068537305
-4.9448016425
-4.9113054125
-5.02563673875
-4.98162527625
-5.000845615
-5.2089880425
-5.15702864875
-5.25603310625
-5.29070765625
-5.3287854975
-4.95284655375
-5.0012693925
-4.971988105
-5.0548603675
-5.01424569375
-5.214647275
-5.191093405
-5.234329205
-5.30837463125
-5.32801889875
-5.14039684625
-5.19625231875
-5.21003964375
-5.2274596525
-5.16524397875
-5.3114523825
-5.30123875125
-5.36570639125
-5.39329707375
-5.3880948175
-5.29694606375
-5.3101128725
-5.331859395
-5.3305745325
-5.3296448175
-5.37758967125
-5.35736320875
-5.42047943
-5.41791461625
-5.447550705
-5.384754595
-5.38119293375
-5.42217911625
-5.42172055875
-5.4252777775
-4.0621182475
-4.3918350375
-4.6884980675
-4.44352922625
-4.6376381275
-4.71333031625
-4.777988065
-4.9363117325
-4.81175076625
-4.88589389875
-5.14788742
-5.20447866875
-4.9970557775
-4.91661601625
-5.04082572375
-5.26829053875
-5.30571516375
-5.1577945775
-5.311968815
-5.36221196625
-5.37859895375
-4.07953657125
-4.058960815
-4.078952025
-4.42148439125
-4.40129000125
-4.40674363875
-4.716673015
-4.70819608875
-4.7822999925
-4.78462607375
-4.76023704875
-4.72629387
-4.80656374875
-4.77492803625
-4.81254495
-4.69957038625
-4.7753603575
-4.77643412375
-5.0248549525
-5.038461395
-5.063516195
-5.02838124625
-4.9151588975
-4.98945055375
-4.92838979125
-5.023725045
-5.15733015375
-5.21402753
-5.194211595
-5.34485496125
-4.9650962725
-5.15900949
-5.01783494375
-5.22025319
-5.225053295
-5.1700007325
-5.14015834375
-5.29430047875
-5.29890922375
-5.30882234125
-5.371772465
-5.39439296625
-5.298361805
-5.32039275375
-5.3365031875
-5.38005471375
-5.41962418
-5.42005891
-4.0681157525
-4.41707944375
-4.71455656375
-4.42028655
-4.7768431025
-4.718010945
-4.9727555925
-4.7709742425
-5.04327892375
-5.20557875875
-5.0444205875
-5.0833645425
-5.2796620575
-5.38491243625
-5.19201072625
-5.3389800375
-5.42380084
-5.4216122875
-4.05363606875
-4.43489268
-4.807252125
-4.773501775
-4.80226648625
-5.06131191125
-5.10325982125
-5.37525313
-4.94795185
-5.242193615
-5.40766318625
-5.3277853175
-5.42027646375
-4.0593626775
-4.6928231325
-4.890510545
-4.7559021675
-5.01930624625
-5.19969434625
-5.33466602625
-5.42402021125
-4.035746425555555
-4.02343047
-4.033154607777778
-4.036742226666666
-4.05116568
-4.037844083333334
-4.0716182100000005
-4.034415681111111
-4.029737098888889
-4.037523917777778
-4.189400125555555
-4.319809025555555
-4.341192194444444
-4.332373703333333
-4.326273611111111
-4.348426852222222
-4.2722614822222225
-4.37179466
-4.354656454444444
-4.380050324444444
-4.313689921111111
-4.334348271111111
-4.380812612222222
-4.335885708888889
-4.343592761111111
-4.394379198888888
-4.407410896666667
-4.343296193333334
-4.347359538888889
-4.32573176888889
-4.349100236666667
-4.46915731
-4.618410975555555
-4.649958315555555
-4.580746825555555
-4.654447376666667
-4.449296675555555
-4.6481816600000005
-4.661995143333333
-4.680460884444445
-4.326968342222222
-4.34582031
-4.375446497777777
-4.358040564444445
-4.367710786666667
-4.342406282222222
-4.387105333333333
-4.342152544444445
-4.34476173
-4.337461483333333
-4.477289834444445
-4.591967543333333
-4.572825765555556
-4.614114585555556
-4.625029216666666
-4.576768753333333
-4.601993407777778
-4.62821855
-4.661281378888889
-4.644665638888889
-4.509359707777778
-4.651898376666667
-4.769225807777778
-4.897469813333334
-4.893460113333333
-4.829777183333333
-4.6215164855555555
-4.819736875555556
-4.9365324911111115
-4.981446125555555
-4.326321594444445
-4.331986582222222
-4.336978071111111
-4.3859865877777775
-4.36663524
-4.337165723333333
-4.398680476666667
-4.321877435555556
-4.332558046666667
-4.333183966666667
-4.484839152222222
-4.621283352222222
-4.672967461111111
-4.575945341111112
-4.650003545555555
-4.607425566666667
-4.595896957777778
-4.669716652222222
-4.652972732222222
-4.6504307377777785
-4.593888570000001
-4.686273514444444
-4.645680966666666
-4.681456897777777
-4.6517779911111115
-4.7056756377777775
-4.744289316666666
-4.6636584744444445
-4.653321218888888
-4.667241698888889
-4.63321709
-4.758552502222222
-4.845545992222222
-4.907576094444445
-4.946271422222222
-4.945971324444445
-4.776661876666667
-4.88785707
-4.887664247777778
-4.961902583333333
-4.647066861111111
-4.813611285555556
-4.852870102222223
-4.78748386
-4.951386393333333
-4.757681734444444
-4.792902902222222
-4.877571358888889
-4.923115358888889
-4.866013943333333
-4.686438884444445
-4.822562428888889
-4.947213612222223
-5.06226571
-5.1256247422222225
-4.992620658888889
-4.796255627777778
-4.997428285555555
-5.10942616
-5.157857865555555
-4.480964904444445
-4.619857367777778
-4.645332188888889
-4.6792879011111115
-4.535598276666667
-4.771815291111111
-4.58546099
-4.669042718888889
-4.660292746666666
-4.675598005555555
-4.607468037777778
-4.663538644444444
-4.6663598422222226
-4.656172036666667
-4.678625254444444
-4.661040476666667
-4.718281302222222
-4.660161962222222
-4.661132961111111
-4.6501866355555554
-5.0648132411111115
-4.789398377777777
-4.916789104444444
-4.9111231533333335
-4.814072576666667
-4.9557080777777776
-4.7598481377777775
-4.950677536666666
-4.935333736666667
-4.952245547777777
-4.759132622222221
-4.914750773333334
-4.882055257777778
-4.989094046666667
-4.85558858
-4.964604335555555
-4.923446635555555
-4.95324834
-4.930405235555556
-4.9826999899999995
-4.7615537477777785
-4.893122221111111
-4.877207282222222
-4.904675962222222
-4.973204341111111
-4.9005788
-4.929575403333334
-4.900215345555555
-4.956484417777777
-4.97196506
-4.801456703333333
-4.9523808888888885
-5.026358107777778
-5.118789821111111
-5.0731912744444445
-5.119911772222222
-4.941579752222222
-5.083342124444445
-5.117864357777778
-5.183497145555555
-4.647788443333333
-4.896784894444444
-4.973901546666666
-4.859053564444444
-4.7411164688888885
-4.958563611111111
-4.782884593333333
-5.009849864444444
-5.01824473
-4.959877152222223
-5.260878872222222
-5.004946221111111
-5.089443936666666
-5.074952018888889
-5.042314623333334
-5.118745956666667
-4.963052257777778
-5.148745426666667
-5.138329649999999
-5.127853642222222
-4.865992992222222
-5.007149368888888
-5.14682339
-5.237202002222222
-5.213716533333334
-5.237983558888889
-4.966687495555556
-5.1967629777777775
-5.255747023333333
-5.300553311111111
-4.76392462
-4.952378294444444
-4.936059915555556
-4.842237596666667
-4.9733540722222225
-4.843054888888889
-4.910688297777778
-4.967795034444444
-4.976274195555556
-4.9726596700000005
-4.7908661511111115
-4.996500275555555
-5.096672851111111
-5.0561423677777775
-5.074487278888889
-5.05652788
-4.928836258888889
-5.11904918
-5.174910726666667
-5.169122984444445
-4.77093657
-4.975697173333334
-4.992671762222222
-4.902605684444445
-4.882248748888888
-4.897719661111111
-4.921374088888889
-4.996857718888888
-4.946996892222222
-4.967250267777778
-4.880061527777778
-5.06890279111111
-4.9335613333333335
-5.034596852222222
-5.003600503333334
-5.038281108888889
-5.067764501111111
-5.051136586666667
-4.947537343333334
-5.036700793333334
-4.934229035555556
-5.12764576
-5.116835311111111
-5.185006225555556
-5.080270635555555
-5.167785638888889
-5.0988816988888885
-5.201256238888889
-5.130588822222222
-5.194208887777778
-4.939820166666667
-5.143926876666667
-5.136245876666667
-4.998966616666667
-5.158398664444444
-4.996339052222222
-5.114330816666667
-5.159629067777778
-5.163536113333333
-5.1586562577777775
-4.930151563333333
-5.116355001111112
-5.098347795555556
-5.105853938888888
-5.184811597777777
-5.103973884444445
-5.096357532222222
-5.1772655244444445
-5.125397899999999
-5.195344463333333
-4.982791271111111
-5.16317387
-5.203648723333334
-5.220637498888888
-5.276886587777778
-5.201158918888889
-5.107902998888889
-5.2597980288888895
-5.285017252222222
-5.318839234444444
-4.821522866666666
-5.069253276666667
-5.176192537777777
-5.1000417522222214
-4.902513635555556
-5.1325282577777775
-4.958087853333334
-5.2239316166666665
-5.218114372222222
-5.173748636666667
-4.938060706666667
-5.166968837777778
-5.149383426666667
-5.125292585555555
-5.055785372222222
-5.112620585555556
-5.120153822222222
-5.209721231111111
-5.184956966666666
-5.1941623988888885
-4.994544905555555
-5.201490397777778
-5.2745200344444445
-5.202669036666666
-5.17602515
-5.2252232111111105
-4.986746513333333
-5.304122018888889
-5.320865865555556
-5.316331411111111
-4.99747094
-5.2112111288888885
-5.283000664444445
-5.265934328888889
-5.094117607777778
-5.297278175555555
-5.136768833333333
-5.318986792222223
-5.312001348888889
-5.306357321111111
-5.076770931111111
-5.213360953333333
-5.314804731111111
-5.325248744444444
-5.2967917177777775
-5.322947004444445
-5.1423968066666665
-5.340728697777778
-5.378814251111112
-5.393658672222222
-5.044497594444445
-5.271557643333334
-5.096861431111112
-5.230457481111111
-5.1780019033333335
-5.203022156666666
-5.271767262222222
-5.253562923333333
-5.154923308888889
-5.236761952222222
-5.098616914444444
-5.299178594444445
-5.225233844444444
-5.329622058888889
-5.25443864
-5.325909652222222
-5.2787417111111115
-5.346360214444444
-5.280391047777778
-5.341297518888889
-5.112316965555555
-5.321903681111111
-5.274536986666667
-5.271601682222222
-5.2571290444444445
-5.271388771111111
-5.291926358888889
-5.351566807777778
-5.299356511111111
-5.32736165
-5.176030687777778
-5.33722808
-5.312757434444444
-5.3726683444444445
-5.370188926666667
-5.365720311111111
-5.292844824444445
-5.398436885555555
-5.379133853333333
-5.41185799
-5.185767761111111
-5.346137065555556
-5.364453142222222
-5.315560867777778
-5.357303077777778
-5.309716890000001
-5.313766776666666
-5.391870156666666
-5.406458263333334
-5.405314756666666
-5.1892215466666665
-5.364264943333334
-5.374568518888889
-5.362971601111111
-5.267978618888889
-5.3746943088888885
-5.317688142222222
-5.429268746666667
-5.4095466722222225
-5.40662666
-5.272431018888889
-5.368097375555555
-5.3783677744444445
-5.382198415555555
-5.373607916666667
-5.384322876666666
-5.339049353333333
-5.415888218888889
-5.414865932222223
-5.421307085555556
-4.03001092
-4.344898772222222
-4.674481828888889
-4.341693771111111
-4.627936207777777
-4.969288171111112
-4.961409348888889
-4.876019016666667
-5.158946754444445
-5.16249452111111
-5.3225780544444445
-4.84588832
-5.1183142777777775
-5.021974144444445
-5.262967128888889
-5.403892035555556
-5.329793058888889
-5.412956496666666
-4.029897066666667
-4.347688562222222
-4.359515727777778
-4.556022803333333
-4.343272093333334
-4.612161071111111
-4.6715739633333335
-4.839200064444444
-4.747576044444445
-4.932607984444444
-4.902056006666666
-4.99301757
-5.002809485555556
-5.0543694722222225
-4.935427544444445
-5.093521253333333
-5.1489021855555555
-5.1979563099999995
-4.998240483333333
-5.140497653333333
-5.181617587777778
-5.222987021111112
-5.150458555555556
-5.281084758888889
-5.31888616
-5.371123817777778
-5.374021161111111
-5.391521717777778
-4.026106968888889
-4.344457941111111
-4.3516427222222225
-4.626577968888889
-4.8404448888888885
-4.867093581111111
-5.017801314444444
-4.683194944444445
-4.970997632222223
-4.9371339
-5.10853937
-5.149038892222222
-5.173101568888889
-5.270646490000001
-5.3278628066666665
-5.344702964444444
-5.405203096666667
-5.4145171266666665
-4.03618639
-4.338556728888888
-4.34417353
-4.6531911755555555
-4.6660083355555555
-4.985769902222222
-4.963789406666667
-4.978792111111111
-5.176388811111111
-4.97020808
-5.191790953333333
-4.864275075555556
-5.152040727777777
-5.159263688888888
-5.3330856466666665
-5.145325891111111
-5.334240717777778
-5.406682526666667
-5.402951731111111
-5.42364571
-4.005674331
-3.995740386
-4.003533629
-4.008991674
-4.011571183
-3.99797911
-4.00968537
-4.02269199
-4.040075122999999
-4.006877359
-3.9991628140000004
-4.003726166
-3.998328575
-4.0056607
-3.997087852
-3.997858739
-4.003286276
-4.146274523000001
-4.260821525
-4.289284145
-4.268986422999999
-4.303099127
-4.254967986
-4.279694928
-4.305661739
-4.217413238000001
-4.308743892
-4.288760448
-4.2860889559999995
-4.272434029
-4.282690554
-4.274507147
-4.294847509
-4.291690742
-4.2571845349999995
-4.263731862
-4.275716062
-4.275625487
-4.262818653
-4.260782237
-4.280988233
-4.262391033
-4.342815851
-4.282989636
-4.272260312
-4.271861305
-4.262734425
-4.278503234
-4.293806013999999
-4.2582400389999995
-4.268331295
-4.284718187
-4.394505347
-4.521543777
-4.5425068490000005
-4.5223354350000005
-4.49507683
-4.547050207
-4.454423225
-4.380615196
-4.5505793269999995
-4.5660151419999995
-4.5575291380000005
-4.521255327
-4.5718212209999995
-4.570788915
-4.583355956
-4.5502322
-4.271060301
-4.282217477
-4.320270424
-4.292178089
-4.277284504
-4.2724961839999995
-4.333107375
-4.3104942909999995
-4.325405123
-4.2852351550000005
-4.278290266
-4.285418100999999
-4.266987459
-4.279353257
-4.28270973
-4.276559079
-4.271709594
-4.402608688
-4.508346629
-4.48616328
-4.532316788
-4.549519501000001
-4.518987124000001
-4.56778937
-4.556617172
-4.517810172
-4.5349042189999995
-4.556524166
-4.56671914
-4.544075695
-4.552574681
-4.560929884
-4.560448448000001
-4.542337698
-4.4297475550000005
-4.559613644000001
-4.664963514
-4.78310438
-4.795377105
-4.764273607
-4.820670811
-4.64265429
-4.53057866
-4.719834685
-4.8193226529999995
-4.833437297
-4.7964183810000005
-4.868753863
-4.8314848900000005
-4.90292573
-4.882763831
-4.268743843
-4.2712300480000005
-4.269238592
-4.3264798650000005
-4.294582525
-4.294594841
-4.2665433649999995
-4.284392395999999
-4.327474021
-4.267373102
-4.2694008949999995
-4.275144308
-4.267310369
-4.270711181
-4.262365609
-4.250585242
-4.288095242
-4.410567138999999
-4.537118908
-4.5573355399999995
-4.502530707
-4.545480246
-4.548845289
-4.50263855
-4.579879394000001
-4.508877546
-4.571551724
-4.552792296
-4.561391157
-4.559061249
-4.557589181
-4.555169766000001
-4.548176364
-4.541599962
-4.508172850999999
-4.558530746000001
-4.532702745
-4.579795767
-4.537489027
-4.55791987
-4.5162290800000005
-4.503005898
-4.638823694
-4.5610517999999995
-4.533547585
-4.5532233259999995
-4.531934949
-4.541992226
-4.585713247
-4.50742762
-4.537677924
-4.546181707000001
-4.655841142
-4.717494605000001
-4.76609342
-4.797201868
-4.80643753
-4.747456275999999
-4.686632432
-4.6774169720000005
-4.766309287
-4.764428211
-4.828601857000001
-4.792491236
-4.838073618
-4.8427048280000005
-4.853288215
-4.841374926
-4.5524479079999995
-4.705413934
-4.702896391
-4.661108495
-4.803905056
-4.814092431000001
-4.799657847000001
-4.768080388
-4.686964145999999
-4.772600355
-4.794722709
-4.847456512
-4.839054893
-4.854458965
-4.827339546999999
-4.867152703
-4.845768420000001
-4.584023748
-4.716239349
-4.811586848
-4.928488982999999
-5.029232541
-5.0729279499999995
-4.961297976
-4.783023386
-4.684878926
-4.874039126
-4.970300629
-5.073565177
-5.0342340409999995
-5.133852094
-5.078283407
-5.215519027
-5.195229513
-4.408177262000001
-4.524244832
-4.563742453
-4.5803180789999995
-4.520424669
-4.448089313
-4.5378211450000006
-4.566101758
-4.510440443
-4.567061134
-4.559650808
-4.567853593000001
-4.537013991
-4.546242749
-4.557188643
-4.451357591
-4.539535291
-4.519301286
-4.5714251400000006
-4.573172858
-4.563284432
-4.578376561000001
-4.523846034
-4.585118326
-4.543479105
-4.630007398
-4.5555836880000005
-4.552261787
-4.548681065
-4.549666832
-4.566551575
-4.542076283
-4.523104708
-4.579661117
-4.558068244999999
-4.674283367
-4.791137987
-4.7727793179999995
-4.748193598
-4.685321905
-4.774309935
-4.752095368
-4.668319865
-4.817920488
-4.831143537
-4.781788155999999
-4.790354877
-4.833956433
-4.818116722
-4.726936843
-4.771847205
-4.65684609
-4.786249909
-4.765883217
-4.825121827
-4.769195271
-4.719937669
-4.812401116
-4.819369737000001
-4.817396812
-4.81979074
-4.851916631
-4.816910166
-4.795066712
-4.779142819
-4.806665908
-4.713326959
-4.807114423
-4.661061972000001
-4.76841223
-4.730374682
-4.816362762
-4.890881972
-4.7771364169999995
-4.884544106
-4.824239368
-4.823118196
-4.78986952
-4.894987014
-4.822934638
-4.84430769
-4.847829997
-4.718343426
-4.824981883
-4.883149725
-4.677252116
-4.820624767
-4.89025352
-4.999290078
-5.021593572
-4.94975866
-5.070154023
-4.910409414
-4.80879471
-4.941137971
-5.033502757
-5.001347251
-5.02952072
-5.038136645
-4.9787849
-5.040101218
-5.078709697
-4.5570759160000005
-4.777893307
-4.8768225450000005
-4.823240184
-4.699948048
-4.66004296
-4.707885086
-4.87828239
-4.6925149820000005
-4.871972476
-4.869480166000001
-4.849234312
-4.834606121
-4.847463604
-4.873260459
-4.664345858
-4.7266806070000005
-4.702718624
-4.868368859
-4.948857234
-4.917187702
-4.94603514
-4.911299906
-4.931207947
-4.945069999999999
-4.848417985999999
-4.997026429
-5.085099004
-5.012577875
-5.024343851999999
-5.038684779
-5.058458288
-4.954267737
-5.001111665
-4.742233714999999
-4.870983784
-4.992605592
-5.094082364
-5.169174104
-5.168756826
-5.133232459
-4.958358479
-4.8457721739999995
-5.039257031
-5.175431746
-5.1953999060000005
-5.213377062
-5.243914273
-5.209019846
-5.298198513
-5.307422205
-4.519691643
-4.55199623
-4.625264512999999
-4.616091129
-4.5214222
-4.581255968
-4.545962129
-4.511248526
-4.624307214
-4.5475944749999995
-4.528263114
-4.548813774
-4.508635389
-4.532772755
-4.606810784
-4.496998017
-4.547145747
-4.546544008
-4.667509014
-4.8139723750000005
-4.859743593999999
-4.683805177
-4.652777599
-4.792472548
-4.71021847
-4.662611371
-4.828281354
-4.813728681
-4.825538545
-4.700203117
-4.811712334
-4.868009634
-4.648434118
-4.722227305
-4.533675348
-4.573326435
-4.601335057
-4.56304921
-4.562164941000001
-4.576030582
-4.591552478
-4.572984701
-4.603794991
-4.555396019
-4.56152163
-4.561797132000001
-4.539110574
-4.550257344
-4.5852079439999995
-4.528813954
-4.542277645
-4.6666732920000005
-4.802058155
-4.801531982
-4.814800545
-4.793295816
-4.72005038
-4.84129222
-4.836308877
-4.793566159
-4.831828421
-4.855739884
-4.829109381
-4.826746571999999
-4.829572085000001
-4.813408861
-4.723858646
-4.815819147
-4.66686258
-4.795009986
-4.797407608
-4.793388112000001
-4.816030307
-4.86180423
-4.773709081
-4.8244797749999995
-4.799905992
-4.822232454
-4.808422112000001
-4.855298363
-4.812091136
-4.827039838999999
-4.866387252
-4.82249776
-4.854514451
-4.692106625
-4.846803836
-4.961610662
-4.9908908599999995
-4.988537822
-4.921914254
-4.993087102
-4.909161707
-4.8215263870000005
-4.984034331
-5.04601926
-5.019824363
-4.976118871
-5.058516591
-5.071825007999999
-4.961145825
-5.0230312249999995
-4.6653070020000005
-4.827541167
-4.839125706
-4.827854059
-4.7470426660000005
-4.729329543
-4.792328803
-4.8286785629999995
-4.798543218
-4.865458631
-4.828687409
-4.826498948999999
-4.784339537999999
-4.807336857
-4.830702887999999
-4.6834640620000005
-4.777715292
-4.763121073
-4.8932884549999995
-4.792648788999999
-4.920425843
-4.78064071
-4.894933701
-4.78115195
-4.746763914000001
-4.9326524990000005
-4.880651472
-4.781457608
-4.890887206
-4.764933362
-4.784375366
-4.906049245
-4.747490845
-4.874760342
-4.801709659
-4.95871089
-4.98315515
-5.081138834
-4.945007563
-4.955893521
-4.994018615
-4.924655167
-4.962836063999999
-5.055000343
-4.987561907
-5.049071185
-4.934118165
-4.992065382
-5.086317073
-4.902438148
-5.0074112820000005
-4.816551289
-4.9784836949999995
-5.02115947
-4.9658854990000005
-5.027606742
-5.002968095
-5.04722698
-5.010172422
-4.979906839
-5.022113869
-5.043363707999999
-5.046151013
-5.048819816
-5.050737678
-4.997330122
-5.006091165
-5.072003411
-4.810165963
-4.944502245000001
-4.945497837
-4.990960428
-5.02528341
-5.1680774849999995
-4.95058153
-4.920132575
-4.963501869
-5.007848492
-4.94389631
-5.137168037
-5.012289561
-5.046914084
-5.155938749
-5.118175842
-5.158779183
-4.848572406000001
-4.989675503
-5.054211630999999
-5.145516841
-5.173172341
-5.220132873
-5.149139758
-5.0152755319999995
-4.974115686999999
-5.113233853
-5.14020503
-5.229802395
-5.168304084
-5.229491304
-5.234689181
-5.265859785
-5.296515587
-4.700991576
-4.930787286
-5.060146164
-5.03028815
-4.848177607
-4.760414308
-4.940336063
-5.023781674
-4.841685792
-5.105807772
-5.10396055
-5.039580023
-4.948402811999999
-5.036763735
-5.137468013
-4.761085998
-4.860856975
-4.807183944
-5.013058603999999
-5.003401367
-5.045008182
-4.953384937
-4.829246615000001
-5.031006278
-5.037634982
-4.980422148000001
-5.081586237
-5.080924881
-5.041734379999999
-5.021297938
-4.998701097
-5.0212691540000005
-4.828713232
-4.956426664
-4.853167645
-5.039043825
-5.123216879
-5.14172103
-5.100776944
-5.025235876
-5.1369315360000005
-5.094811293
-4.996689224
-5.171406234
-5.207302009
-5.172007681
-5.154766782
-5.190646704000001
-5.196400414
-5.06928142
-5.14344023
-4.856450288
-5.040137495
-5.151120355
-5.16897463
-5.031582771
-4.988048759
-5.098223558
-5.093518993
-5.000024236
-5.211197781
-5.18285793
-5.188527365000001
-5.094351961999999
-5.1762672
-5.282729686
-4.987103882
-5.078771315
-4.908947081
-5.038734496
-5.167674182
-5.25271212
-5.253684949
-5.246558088
-5.244664513
-5.099007156
-4.998784757
-5.2138253489999995
-5.273055578
-5.314038522
-5.293847113
-5.33069261
-5.331654958
-5.3247151420000005
-5.355045913
-4.679688539
-4.856333388
-4.901480555
-4.716078899
-4.825933752
-4.879697893
-4.745617077
-4.8868501680000005
-4.785124359999999
-4.885234552
-4.8711745639999995
-4.86069782
-4.873661665
-4.924972875
-4.907471047
-4.831811447
-4.858642853
-4.774816619
-4.918901348
-4.849560518
-4.839692436
-4.88223505
-4.822620956
-4.849223073
-4.811331813000001
-4.91517592
-4.888087328
-4.851425968
-4.839628332
-4.839106053
-4.825893996
-4.827798288
-4.774243611
-4.8860293079999995
-4.814642106
-4.987071705
-5.028354331
-4.968956985
-5.027258542
-5.003502806
-5.0311471
-5.000623384
-4.949974317000001
-5.067154099
-5.050973153
-5.038353297
-5.058352966999999
-5.067320573
-5.058099402
-5.002479863
-5.073587778
-4.820064683
-5.019103566
-5.051608143
-4.872912724
-5.039343066
-5.186944055
-4.936934567
-5.058122971
-4.980981698
-5.067305531000001
-5.043508107
-5.1020178199999995
-5.114497389
-5.1476007070000005
-5.162844552
-5.140720813
-5.171633244000001
-4.855370765
-5.032648909000001
-5.118959688
-5.085334113
-5.181718484
-5.232141798
-5.116558182
-5.0780446050000005
-4.967507414
-5.147822252999999
-5.184207005999999
-5.227246342
-5.2083682609999995
-5.274978529
-5.27399456
-5.27467881
-5.299927291
-4.811672841
-5.004267283
-5.039383594
-5.078664499
-4.974666375
-4.870439958
-5.015658657
-5.0057545
-4.958617574
-5.101741869
-5.081016261
-4.997208710000001
-5.016205934
-5.045395667999999
-5.031111534
-4.870694823
-4.998319895
-4.917858613
-5.126875105
-5.031925967
-5.0697985590000005
-5.015742157
-5.039991865999999
-5.016447013
-5.108816987
-5.1102195020000005
-5.120834063
-5.045070015
-5.076287972
-5.0236248109999995
-4.994917447000001
-5.077969104999999
-4.946146695
-5.0812689429999995
-4.919718037
-5.111810633999999
-5.013786328
-5.0389463679999995
-5.125354056
-4.965076027
-5.138100231
-5.113007325
-5.126553209
-5.098001704
-5.16372998
-5.039546757
-5.132937956
-5.0427332190000005
-4.95841793
-4.962815692
-5.1420107889999995
-4.957380346
-5.150220943
-5.141862202
-5.19819291
-5.172993309000001
-5.091828925
-5.202345203
-5.164709203999999
-5.116551589
-5.213206984
-5.2103652799999995
-5.190727252
-5.185071225
-5.176471454
-5.190367061
-5.095827954
-5.231148212
-4.820050884
-5.050820261
-5.099865361
-4.983606678
-4.9634918290000005
-4.96186654
-4.942987208
-5.154571685
-4.9758135459999995
-5.117289925
-5.112084741
-5.062220915999999
-5.091612862
-5.095233003
-5.1067629
-4.921170441
-5.020491759
-4.807514647
-5.171054935
-5.178887346
-5.1206212540000005
-5.170819931
-5.090316046
-5.1768688769999995
-5.2164461619999996
-5.1328866920000005
-5.223462975
-5.201542602
-5.181783449999999
-5.227935823
-5.212286576
-5.190940156
-5.092041976
-5.219553783
-4.971716654
-5.1746361620000005
-5.1856544499999995
-5.099046505
-5.175537704
-5.262070518
-5.108099559
-5.223996943
-5.157216173
-5.22752764
-5.179528478
-5.238138446
-5.227900169
-5.234684112
-5.3017003119999995
-5.217087245
-5.274868349
-4.961211656
-5.1389176579999996
-5.130213327
-5.1628035070000005
-5.249256128
-5.133453852000001
-5.270051658
-5.18316463
-5.111588179
-5.1871957129999995
-5.229914085
-5.181413902
-5.267150015
-5.201078159
-5.122208043
-5.184933187
-5.2904581870000005
-5.0174729650000005
-5.18123792
-5.219462191
-5.244928112
-5.3135486
-5.307912441
-5.285309465999999
-5.19985808
-5.125190679
-5.2738426910000005
-5.3018469260000005
-5.327917762
-5.352274830000001
-5.337411712
-5.338486134
-5.353460353
-5.398969128
-4.86012883
-5.1021793529999995
-5.222195683000001
-5.133630656999999
-5.050184988
-4.994555998
-5.090840903
-5.225227796
-4.988255478
-5.2472386669999995
-5.268243958
-5.201038126
-5.158003918
-5.247263812
-5.289081928
-5.0001118259999995
-5.101450771
-4.968330289
-5.190327931000001
-5.210070967
-5.193436907000001
-5.0989415430000005
-5.067370782999999
-5.144151733999999
-5.211066241999999
-5.134005029
-5.265378248999999
-5.216657194
-5.216860006
-5.164543505999999
-5.1861671639999996
-5.2490281009999995
-5.131346644
-5.145178327
-4.977481581
-5.198214102
-5.235181561
-5.0717429869999995
-5.185676473
-5.269658693
-5.118702141
-5.255992255000001
-5.150171334
-5.249615112
-5.2423699589999995
-5.247719603
-5.260731401999999
-5.296401105
-5.278793597
-5.227341861
-5.276549031
-5.023447555
-5.218129565
-5.290324194
-5.2310117720000004
-5.255543299
-5.296674567
-5.228348358
-5.272376969
-5.169610532
-5.319197563
-5.328949403
-5.343967597000001
-5.321504329
-5.364247713
-5.381209896
-5.294042411
-5.345726453999999
-5.025018871
-5.227096712
-5.299645121999999
-5.28054976
-5.1783949620000005
-5.096284206
-5.240592068
-5.2765182379999995
-5.152099525
-5.34340477
-5.3456032030000005
-5.298802503
-5.2549179520000004
-5.317421816
-5.357766231
-5.065633238
-5.206936702
-5.089550289
-5.228163773
-5.317647934
-5.324511059000001
-5.325998091000001
-5.313619296000001
-5.322673318
-5.273834655
-5.161720806
-5.341830964
-5.382904663
-5.385100047
-5.380009055
-5.40050133
-5.4076650100000005
-5.359370928
-5.388042109
-5.064332122
-5.276794488
-5.159183723
-5.289207845
-5.163541186
-5.298221852999999
-5.158509725
-5.15202622
-5.268030825
-5.3146833209999995
-5.156762005
-5.321219322
-5.1586895329999995
-5.163640607
-5.334588265
-5.1668784809999995
-5.312938905
-5.073393545
-5.290658068
-5.177930516
-5.195335955
-5.244955255
-5.179086445
-5.243611035
-5.1993137240000005
-5.282275125
-5.261731323
-5.230216601
-5.235108211
-5.251932508
-5.184879292
-5.154371762
-5.132177851
-5.289879098
-5.117319052
-5.306965333
-5.239115333
-5.351638031
-5.3151369189999995
-5.361328373
-5.298783995
-5.23366734
-5.2725931269999995
-5.3635373909999995
-5.29778546
-5.394395154
-5.312287122
-5.313320236
-5.380090575
-5.315417546
-5.41452499
-5.128578811
-5.330666146
-5.281756072
-5.301582781
-5.321938491
-5.203309727
-5.341991151
-5.2826510419999995
-5.2904705309999995
-5.350225046
-5.345182581
-5.3187651670000005
-5.358690041
-5.2940047880000005
-5.261757068
-5.202115056
-5.348883624
-5.131491112
-5.339658834
-5.306556292
-5.330341395
-5.247945406
-5.329639103
-5.246727859
-5.295808566
-5.294197763
-5.405233823
-5.301625274
-5.387749769
-5.297707954
-5.312474327
-5.4162033549999995
-5.247017252
-5.3592853499999995
-5.1924856550000005
-5.338333526
-5.319218568
-5.372701805
-5.385139218
-5.381708681
-5.3817839329999995
-5.302138342
-5.302595387
-5.39374253
-5.385418001
-5.418449001
-5.417592718
-5.39208947
-5.3944966260000005
-5.38665832
-5.4477817459999995
-5.1395894239999995
-5.33768938
-5.328156319
-5.212410095
-5.3115908140000005
-5.34922178
-5.262740326
-5.338142961
-5.310552001
-5.360056932
-5.340614734
-5.350783002
-5.359682297
-5.356415741
-5.372036215
-5.30580108
-5.381038797
-5.202001376
-5.35063587
-5.359123824
-5.3237701280000005
-5.383128106
-5.379564727
-5.359509695
-5.355690292
-5.318747204
-5.393532405
-5.408225785
-5.41181846
-5.427805244
-5.415902905
-5.398417554
-5.377179794
-5.432659902999999
-5.110305236
-5.363209748
-5.383361052
-5.360888602
-5.321893701
-5.358101177
-5.323164104
-5.3739923769999995
-5.319901956000001
-5.426600608999999
-5.4102059339999995
-5.413306481
-5.3774632140000005
-5.418436071
-5.438432298
-5.313062587999999
-5.382081172
-5.28281273
-5.372950980000001
-5.377358773
-5.380185603
-5.380372692
-5.3801187740000005
-5.380677234
-5.374017576
-5.342662527
-5.4104189069999995
-5.416143083
-5.415195243
-5.413100145
-5.4168866399999995
-5.415104524
-5.377196736
-5.415317239
-4.0054508349999995
-4.308279766
-4.272376474
-4.602963828
-4.547711037
-4.852411637
-4.547141681
-4.827576705
-4.735782524999999
-5.011878392
-4.556280148
-4.85751752
-4.852433466
-4.841815136
-5.071389747
-5.0220167689999995
-5.193078529
-4.872483785
-5.0660758889999995
-4.915758061
-5.099582412
-5.038155649
-5.199384485
-5.110344935
-5.097504043
-5.210421612999999
-5.236267199
-5.312681637
-5.187585674
-5.247375301
-5.241522201
-5.325768477
-5.35231703
-5.392734764
-5.303053788
-5.3786471030000005
-5.407961731
-5.415125542
