0	-1	-1
0	0	-2
1	-1	-2
0	-2	-2
0	-1	-3
2	-2	-2
1	-2	-3
0	0	-4
1	-1	-4
0	-3	-3
0	-2	-4
2	-3	-3
2	-2	-4
1	-3	-4
0	-1	-5
1	-2	-5
0	-4	-4
3	-3	-4
0	-3	-5
2	-4	-4
0	0	-6
2	-3	-5
1	-1	-6
0	-2	-6
1	-4	-5
2	-2	-6
1	-3	-6
4	-4	-4
3	-4	-5
0	-5	-5
0	-1	-7
0	-4	-6
3	-3	-6
2	-5	-5
1	-2	-7
2	-4	-6
0	-3	-7
2	-3	-7
1	-5	-6
0	0	-8
4	-5	-5
1	-4	-7
1	-1	-8
4	-4	-6
0	-2	-8
3	-5	-6
2	-2	-8
0	-6	-6
3	-4	-7
1	-3	-8
0	-5	-7
2	-6	-6
2	-5	-7
0	-4	-8
3	-3	-8
0	-1	-9
2	-4	-8
5	-5	-6
1	-6	-7
1	-2	-9
4	-6	-6
4	-5	-7
1	-5	-8
0	-3	-9
3	-6	-7
2	-3	-9
4	-4	-8
3	-5	-8
1	-4	-9
0	-7	-7
0	-6	-8
0	0	-10
2	-7	-7
1	-1	-10
2	-6	-8
0	-2	-10
3	-4	-9
0	-5	-9
6	-6	-6
2	-2	-10
5	-6	-7
2	-5	-9
1	-3	-10
5	-5	-8
4	-7	-7
1	-7	-8
4	-6	-8
0	-4	-10
3	-3	-10
1	-6	-9
2	-4	-10
4	-5	-9
3	-7	-8
0	-1	-11
3	-6	-9
1	-5	-10
1	-2	-11
0	-8	-8
0	-7	-9
0	-3	-11
4	-4	-10
2	-8	-8
6	-7	-7
3	-5	-10
2	-7	-9
2	-3	-11
6	-6	-8
0	-6	-10
5	-7	-8
1	-4	-11
2	-6	-10
5	-6	-9
4	-8	-8
0	0	-12
4	-7	-9
3	-4	-11
1	-8	-9
0	-5	-11
1	-1	-12
0	-2	-12
5	-5	-10
2	-5	-11
1	-7	-10
4	-6	-10
2	-2	-12
3	-8	-9
1	-3	-12
3	-7	-10
1	-6	-11
0	-4	-12
7	-7	-8
4	-5	-11
3	-3	-12
0	-9	-9
6	-8	-8
2	-4	-12
0	-8	-10
6	-7	-9
3	-6	-11
2	-9	-9
2	-8	-10
5	-8	-9
1	-5	-12
0	-7	-11
0	-1	-13
6	-6	-10
5	-7	-10
2	-7	-11
1	-2	-13
4	-4	-12
4	-9	-9
3	-5	-12
0	-3	-13
4	-8	-10
0	-6	-12
5	-6	-11
1	-9	-10
2	-3	-13
2	-6	-12
4	-7	-11
1	-8	-11
1	-4	-13
3	-9	-10
8	-8	-8
7	-8	-9
5	-5	-12
3	-8	-11
3	-4	-13
1	-7	-12
0	-5	-13
4	-6	-12
0	0	-14
7	-7	-10
6	-9	-9
2	-5	-13
1	-1	-14
6	-8	-10
0	-10	-10
0	-2	-14
3	-7	-12
0	-9	-11
2	-10	-10
2	-2	-14
6	-7	-11
5	-9	-10
2	-9	-11
1	-6	-13
1	-3	-14
0	-8	-12
5	-8	-11
4	-5	-13
2	-8	-12
0	-4	-14
3	-6	-13
3	-3	-14
6	-6	-12
4	-10	-10
2	-4	-14
5	-7	-12
4	-9	-11
0	-7	-13
2	-7	-13
1	-10	-11
1	-5	-14
4	-8	-12
8	-9	-9
1	-9	-12
0	-1	-15
8	-8	-10
4	-4	-14
7	-9	-10
5	-6	-13
3	-10	-11
3	-5	-14
1	-2	-15
0	-6	-14
7	-8	-11
4	-7	-13
3	-9	-12
1	-8	-13
0	-3	-15
6	-10	-10
2	-6	-14
6	-9	-11
2	-3	-15
7	-7	-12
3	-8	-13
0	-11	-11
1	-4	-15
6	-8	-12
0	-10	-12
5	-10	-11
5	-5	-14
2	-11	-11
1	-7	-14
4	-6	-14
2	-10	-12
5	-9	-12
3	-4	-15
0	-9	-13
0	-5	-15
6	-7	-13
3	-7	-14
2	-9	-13
2	-5	-15
0	0	-16
5	-8	-13
4	-11	-11
1	-1	-16
4	-10	-12
0	-8	-14
0	-2	-16
9	-9	-10
1	-6	-15
8	-10	-10
2	-8	-14
2	-2	-16
8	-9	-11
4	-9	-13
4	-5	-15
1	-11	-12
1	-3	-16
6	-6	-14
7	-10	-11
5	-7	-14
3	-6	-15
1	-10	-13
8	-8	-12
0	-4	-16
7	-9	-12
3	-11	-12
3	-3	-16
0	-7	-15
4	-8	-14
2	-4	-16
6	-11	-11
3	-10	-13
2	-7	-15
1	-9	-14
6	-10	-12
7	-8	-13
1	-5	-16
6	-9	-13
5	-6	-15
3	-9	-14
4	-4	-16
0	-12	-12
5	-11	-12
4	-7	-15
3	-5	-16
1	-8	-15
0	-11	-13
0	-1	-17
2	-12	-12
0	-6	-16
7	-7	-14
5	-10	-13
2	-11	-13
1	-2	-17
6	-8	-14
2	-6	-16
0	-10	-14
3	-8	-15
0	-3	-17
10	-10	-10
2	-10	-14
9	-10	-11
5	-9	-14
2	-3	-17
4	-12	-12
9	-9	-12
8	-11	-11
4	-11	-13
5	-5	-16
1	-7	-16
0	-9	-15
1	-4	-17
8	-10	-12
4	-6	-16
6	-7	-15
2	-9	-15
4	-10	-14
8	-9	-13
7	-11	-12
5	-8	-15
3	-7	-16
1	-12	-13
3	-4	-17
0	-5	-17
7	-10	-13
1	-11	-14
2	-5	-17
0	-8	-16
4	-9	-15
3	-12	-13
8	-8	-14
6	-12	-12
2	-8	-16
0	0	-18
7	-9	-14
6	-11	-13
3	-11	-14
1	-10	-15
1	-6	-17
1	-1	-18
6	-6	-16
0	-2	-18
5	-7	-16
4	-5	-17
6	-10	-14
2	-2	-18
3	-10	-15
3	-6	-17
1	-3	-18
4	-8	-16
7	-8	-15
5	-12	-13
1	-9	-16
0	-13	-13
0	-7	-17
0	-12	-14
0	-4	-18
10	-11	-11
6	-9	-15
5	-11	-14
2	-13	-13
2	-7	-17
3	-3	-18
10	-10	-12
2	-12	-14
2	-4	-18
9	-11	-12
3	-9	-16
0	-11	-15
9	-10	-13
5	-10	-15
5	-6	-17
2	-11	-15
1	-5	-18
8	-12	-12
8	-11	-13
7	-7	-16
4	-13	-13
4	-7	-17
1	-8	-17
6	-8	-16
4	-12	-14
4	-4	-18
0	-10	-16
9	-9	-14
3	-5	-18
8	-10	-14
2	-10	-16
0	-6	-18
7	-12	-13
5	-9	-16
4	-11	-15
3	-8	-17
0	-1	-19
2	-6	-18
7	-11	-14
1	-13	-14
1	-2	-19
8	-9	-15
1	-12	-15
0	-9	-17
0	-3	-19
4	-10	-16
7	-10	-15
6	-13	-13
6	-7	-17
3	-13	-14
5	-5	-18
2	-9	-17
1	-7	-18
2	-3	-19
6	-12	-14
4	-6	-18
5	-8	-17
3	-12	-15
1	-11	-16
1	-4	-19
6	-11	-15
3	-7	-18
8	-8	-16
11	-11	-12
7	-9	-16
4	-9	-17
3	-11	-16
3	-4	-19
0	-5	-19
10	-12	-12
0	-8	-18
10	-11	-13
5	-13	-14
1	-10	-17
2	-5	-19
6	-10	-16
2	-8	-18
0	-14	-14
9	-12	-13
5	-12	-15
0	-13	-15
10	-10	-14
6	-6	-18
2	-14	-14
9	-11	-14
5	-7	-18
3	-10	-17
2	-13	-15
1	-6	-19
0	-12	-16
0	0	-20
8	-13	-13
7	-8	-17
5	-11	-16
4	-5	-19
1	-1	-20
8	-12	-14
4	-8	-18
2	-12	-16
0	-2	-20
9	-10	-15
6	-9	-17
3	-6	-19
1	-9	-18
4	-14	-14
2	-2	-20
8	-11	-15
4	-13	-15
0	-11	-17
0	-7	-19
1	-3	-20
7	-13	-14
5	-10	-17
3	-9	-18
2	-11	-17
2	-7	-19
4	-12	-16
0	-4	-20
9	-9	-16
7	-12	-15
3	-3	-20
8	-10	-16
2	-4	-20
7	-7	-18
5	-6	-19
1	-14	-15
6	-8	-18
0	-10	-18
7	-11	-16
4	-11	-17
4	-7	-19
1	-13	-16
1	-8	-19
1	-5	-20
6	-14	-14
2	-10	-18
6	-13	-15
5	-9	-18
3	-14	-15
12	-12	-12
4	-4	-20
11	-12	-13
8	-9	-17
3	-13	-16
3	-8	-19
1	-12	-17
3	-5	-20
6	-12	-16
0	-6	-20
11	-11	-14
10	-13	-13
7	-10	-17
10	-12	-14
4	-10	-18
2	-6	-20
3	-12	-17
0	-9	-19
0	-1	-21
10	-11	-15
9	-13	-14
6	-11	-17
5	-14	-15
6	-7	-19
2	-9	-19
1	-11	-18
1	-2	-21
9	-12	-15
5	-13	-16
5	-8	-19
5	-5	-20
0	-15	-15
1	-7	-20
0	-3	-21
8	-8	-18
4	-6	-20
0	-14	-16
7	-9	-18
3	-11	-18
2	-15	-15
2	-3	-21
10	-10	-16
8	-14	-14
2	-14	-16
9	-11	-16
8	-13	-15
5	-12	-17
4	-9	-19
3	-7	-20
0	-13	-17
1	-4	-21
6	-10	-18
2	-13	-17
1	-10	-19
8	-12	-16
0	-8	-20
4	-15	-15
3	-4	-21
0	-5	-21
4	-14	-16
2	-8	-20
0	-12	-18
9	-10	-17
7	-14	-15
5	-11	-18
3	-10	-19
2	-5	-21
6	-6	-20
2	-12	-18
8	-11	-17
7	-13	-16
7	-8	-19
4	-13	-17
5	-7	-20
6	-9	-19
1	-6	-21
4	-8	-20
12	-13	-13
7	-12	-17
1	-15	-16
4	-5	-21
1	-9	-20
0	-11	-19
12	-12	-14
4	-12	-18
0	0	-22
11	-13	-14
9	-9	-18
6	-15	-15
5	-10	-19
2	-11	-19
1	-14	-17
3	-6	-21
1	-1	-22
8	-10	-18
6	-14	-16
0	-2	-22
11	-12	-15
3	-15	-16
3	-9	-20
0	-7	-21
10	-14	-14
2	-2	-22
10	-13	-15
7	-11	-18
6	-13	-17
3	-14	-17
1	-13	-18
2	-7	-21
1	-3	-22
11	-11	-16
7	-7	-20
4	-11	-19
10	-12	-16
6	-8	-20
0	-10	-20
0	-4	-22
9	-14	-15
3	-13	-18
5	-6	-21
3	-3	-22
6	-12	-18
2	-10	-20
2	-4	-22
9	-13	-16
8	-9	-19
5	-15	-16
5	-9	-20
4	-7	-21
1	-12	-19
1	-8	-21
10	-11	-17
7	-10	-19
5	-14	-17
1	-5	-22
0	-16	-16
9	-12	-17
8	-15	-15
3	-12	-19
3	-8	-21
0	-15	-17
8	-14	-16
4	-10	-20
2	-16	-16
4	-4	-22
6	-11	-19
5	-13	-18
2	-15	-17
3	-5	-22
0	-14	-18
0	-6	-22
8	-13	-17
1	-11	-20
0	-9	-21
10	-10	-18
2	-14	-18
2	-6	-22
9	-11	-18
6	-7	-21
2	-9	-21
8	-8	-20
4	-16	-16
7	-15	-16
7	-9	-20
5	-12	-19
4	-15	-17
5	-8	-21
3	-11	-20
0	-13	-19
0	-1	-23
8	-12	-18
13	-13	-14
7	-14	-17
2	-13	-19
5	-5	-22
1	-7	-22
1	-2	-23
12	-14	-14
6	-10	-20
4	-14	-18
4	-6	-22
12	-13	-15
4	-9	-21
0	-3	-23
11	-14	-15
9	-10	-19
7	-13	-18
3	-7	-22
1	-10	-21
2	-3	-23
12	-12	-16
0	-12	-20
11	-13	-16
8	-11	-19
5	-11	-20
4	-13	-19
1	-16	-17
1	-4	-23
6	-16	-16
2	-12	-20
0	-8	-22
10	-15	-15
6	-15	-17
3	-10	-21
1	-15	-18
10	-14	-16
2	-8	-22
11	-12	-17
7	-12	-19
7	-8	-21
3	-16	-17
3	-4	-23
0	-5	-23
6	-14	-18
6	-6	-22
10	-13	-17
6	-9	-21
3	-15	-18
5	-7	-22
1	-14	-19
2	-5	-23
4	-12	-20
9	-15	-16
9	-9	-20
0	-11	-21
8	-10	-20
4	-8	-22
11	-11	-18
9	-14	-17
6	-13	-19
5	-10	-21
3	-14	-19
2	-11	-21
1	-9	-22
1	-6	-23
10	-12	-18
7	-11	-20
5	-16	-17
1	-13	-20
4	-5	-23
9	-13	-18
5	-15	-18
3	-9	-22
3	-6	-23
8	-16	-16
0	0	-24
8	-15	-17
4	-11	-21
3	-13	-20
0	-17	-17
0	-7	-23
1	-1	-24
6	-12	-20
0	-16	-18
0	-2	-24
10	-11	-19
5	-14	-19
7	-7	-22
2	-17	-17
2	-7	-23
8	-14	-18
6	-8	-22
2	-16	-18
0	-10	-22
2	-2	-24
9	-12	-19
8	-9	-21
1	-12	-21
0	-15	-19
1	-3	-24
14	-14	-14
2	-10	-22
13	-14	-15
7	-10	-21
5	-9	-22
2	-15	-19
5	-6	-23
0	-4	-24
13	-13	-16
12	-15	-15
8	-13	-19
7	-16	-17
5	-13	-20
4	-17	-17
3	-12	-21
4	-7	-23
1	-8	-23
3	-3	-24
12	-14	-16
4	-16	-18
0	-14	-20
2	-4	-24
7	-15	-18
6	-11	-21
10	-10	-20
4	-10	-22
2	-14	-20
12	-13	-17
11	-15	-16
9	-11	-20
4	-15	-19
3	-8	-23
1	-5	-24
11	-14	-17
7	-14	-19
1	-11	-22
8	-12	-20
4	-4	-24
5	-12	-21
0	-13	-21
3	-5	-24
0	-9	-23
12	-12	-18
10	-16	-16
8	-8	-22
4	-14	-20
0	-6	-24
11	-13	-18
10	-15	-17
6	-17	-17
7	-9	-22
6	-7	-23
3	-11	-22
2	-13	-21
1	-17	-18
2	-9	-23
6	-16	-18
2	-6	-24
7	-13	-20
5	-8	-23
1	-16	-19
10	-14	-18
6	-10	-22
9	-10	-21
6	-15	-19
3	-17	-18
11	-12	-19
9	-16	-17
8	-11	-21
4	-13	-21
3	-16	-19
4	-9	-23
1	-15	-20
5	-5	-24
1	-7	-24
0	-1	-25
4	-6	-24
0	-12	-22
10	-13	-19
9	-15	-18
5	-11	-22
1	-10	-23
1	-2	-25
6	-14	-20
2	-12	-22
7	-12	-21
3	-15	-20
3	-7	-24
0	-3	-25
9	-14	-19
5	-17	-18
3	-10	-23
1	-14	-21
2	-3	-25
0	-8	-24
11	-11	-20
8	-17	-17
5	-16	-19
7	-8	-23
1	-4	-25
10	-12	-20
8	-16	-18
4	-12	-22
2	-8	-24
14	-15	-15
9	-9	-22
6	-13	-21
6	-9	-23
3	-14	-21
14	-14	-16
8	-10	-22
6	-6	-24
0	-18	-18
13	-15	-16
9	-13	-20
8	-15	-19
5	-15	-20
5	-7	-24
0	-17	-19
0	-11	-23
3	-4	-25
0	-5	-25
2	-18	-18
13	-14	-17
7	-11	-22
5	-10	-23
2	-17	-19
2	-11	-23
1	-13	-22
2	-5	-25
12	-16	-16
4	-8	-24
0	-16	-20
12	-15	-17
1	-9	-24
8	-14	-20
2	-16	-20
13	-13	-18
10	-11	-21
7	-17	-18
5	-14	-21
3	-13	-22
1	-6	-25
12	-14	-18
6	-12	-22
4	-18	-18
11	-16	-17
9	-12	-21
7	-16	-19
4	-17	-19
4	-11	-23
3	-9	-24
0	-15	-21
4	-5	-25
11	-15	-18
2	-15	-21
3	-6	-25
4	-16	-20
12	-13	-19
8	-13	-21
7	-15	-20
8	-9	-23
7	-7	-24
1	-12	-23
0	-7	-25
6	-8	-24
0	-10	-24
0	0	-26
11	-14	-19
10	-17	-17
7	-10	-23
5	-13	-22
2	-7	-25
1	-1	-26
10	-16	-18
2	-10	-24
0	-14	-22
0	-2	-26
4	-15	-21
5	-9	-24
3	-12	-23
10	-10	-22
6	-18	-18
2	-14	-22
2	-2	-26
10	-15	-19
9	-11	-22
7	-14	-21
6	-17	-19
6	-11	-23
1	-18	-19
5	-6	-25
1	-3	-26
12	-12	-20
11	-13	-20
1	-17	-20
4	-7	-25
1	-8	-25
8	-12	-22
6	-16	-20
4	-10	-24
0	-4	-26
9	-17	-18
3	-18	-19
3	-3	-26
10	-14	-20
4	-14	-22
2	-4	-26
9	-16	-19
5	-12	-23
3	-17	-20
1	-16	-21
3	-8	-25
1	-11	-24
0	-13	-23
7	-13	-22
6	-15	-21
2	-13	-23
1	-5	-26
8	-8	-24
15	-15	-16
11	-12	-21
9	-15	-20
7	-9	-24
3	-16	-21
3	-11	-24
0	-9	-25
14	-16	-16
4	-4	-26
14	-15	-17
10	-13	-21
9	-10	-23
5	-18	-19
6	-7	-25
1	-15	-22
2	-9	-25
3	-5	-26
8	-18	-18
6	-10	-24
0	-6	-26
13	-16	-17
8	-17	-19
8	-11	-23
5	-17	-20
4	-13	-23
5	-8	-25
14	-14	-18
6	-14	-22
2	-6	-26
13	-15	-18
9	-14	-21
3	-15	-22
8	-16	-20
0	-12	-24
12	-17	-17
7	-12	-23
5	-16	-21
5	-11	-24
4	-9	-25
0	-19	-19
12	-16	-18
2	-12	-24
0	-18	-20
13	-14	-19
11	-11	-22
2	-19	-19
1	-14	-23
5	-5	-26
1	-10	-25
1	-7	-26
10	-12	-22
2	-18	-20
4	-6	-26
12	-15	-19
8	-15	-21
0	-17	-21
0	-1	-27
11	-17	-18
9	-13	-22
7	-18	-19
6	-13	-23
5	-15	-22
3	-14	-23
2	-17	-21
3	-10	-25
3	-7	-26
1	-2	-27
4	-12	-24
13	-13	-20
11	-16	-19
7	-17	-20
9	-9	-24
4	-19	-19
7	-8	-25
0	-3	-27
12	-14	-20
8	-10	-24
4	-18	-20
0	-16	-22
0	-8	-26
6	-9	-25
2	-3	-27
8	-14	-22
2	-16	-22
2	-8	-26
11	-15	-20
7	-16	-21
7	-11	-24
4	-17	-21
1	-13	-24
0	-11	-25
1	-4	-27
10	-18	-18
6	-6	-26
10	-17	-19
10	-11	-23
5	-14	-23
5	-10	-25
5	-7	-26
2	-11	-25
12	-13	-21
9	-12	-23
3	-13	-24
0	-15	-23
3	-4	-27
0	-5	-27
10	-16	-20
6	-12	-24
4	-16	-22
4	-8	-26
11	-14	-21
7	-15	-22
6	-19	-19
2	-15	-23
1	-9	-26
2	-5	-27
6	-18	-20
8	-13	-23
4	-11	-25
1	-19	-20
10	-15	-21
9	-18	-19
6	-17	-21
1	-18	-21
3	-9	-26
1	-6	-27
16	-16	-16
15	-16	-17
9	-17	-20
8	-9	-25
5	-13	-24
4	-15	-23
3	-19	-20
1	-12	-25
4	-5	-27
12	-12	-22
0	-14	-24
15	-15	-18
14	-17	-17
11	-13	-22
7	-14	-23
7	-10	-25
3	-18	-21
7	-7	-26
1	-17	-22
3	-6	-27
14	-16	-18
10	-10	-24
6	-16	-22
6	-8	-26
2	-14	-24
0	-10	-26
9	-16	-21
9	-11	-24
3	-12	-25
0	-7	-27
10	-14	-22
2	-10	-26
14	-15	-19
13	-17	-18
6	-11	-25
3	-17	-22
5	-9	-26
2	-7	-27
8	-12	-24
0	0	-28
13	-16	-19
8	-19	-19
5	-19	-20
1	-16	-23
1	-1	-28
8	-18	-20
4	-14	-24
0	-2	-28
9	-15	-22
6	-15	-23
5	-18	-21
5	-6	-27
14	-14	-20
12	-18	-18
4	-10	-26
2	-2	-28
13	-15	-20
12	-17	-19
11	-12	-23
8	-17	-21
7	-13	-24
5	-12	-25
3	-16	-23
4	-7	-27
0	-13	-25
1	-8	-27
1	-3	-28
10	-13	-23
5	-17	-22
2	-13	-25
1	-11	-26
12	-16	-20
0	-20	-20
0	-4	-28
1	-15	-24
0	-19	-21
3	-8	-27
3	-3	-28
8	-16	-22
8	-8	-26
2	-20	-20
2	-4	-28
13	-14	-21
11	-18	-19
9	-14	-23
9	-10	-25
7	-9	-26
2	-19	-21
3	-11	-26
6	-14	-24
0	-18	-22
12	-15	-21
11	-17	-20
7	-19	-20
8	-11	-25
5	-16	-23
4	-13	-25
3	-15	-24
0	-9	-27
1	-5	-28
6	-10	-26
2	-18	-22
7	-18	-21
6	-7	-27
2	-9	-27
4	-20	-20
4	-4	-28
11	-16	-21
11	-11	-24
8	-15	-23
7	-12	-25
4	-19	-21
5	-8	-27
0	-17	-23
3	-5	-28
10	-12	-24
0	-12	-26
0	-6	-28
13	-13	-22
10	-19	-19
7	-17	-22
5	-11	-26
2	-17	-23
1	-14	-25
12	-14	-22
10	-18	-20
4	-18	-22
2	-12	-26
2	-6	-28
9	-13	-24
5	-15	-24
4	-9	-27
11	-15	-22
10	-17	-21
6	-13	-25
3	-14	-25
1	-10	-27
0	-16	-24
16	-17	-17
7	-16	-23
4	-17	-23
5	-5	-28
1	-7	-28
16	-16	-18
8	-14	-24
6	-20	-20
4	-12	-26
2	-16	-24
4	-6	-28
15	-17	-18
6	-19	-21
9	-9	-26
3	-10	-27
10	-16	-22
8	-10	-26
15	-16	-19
12	-13	-23
9	-19	-20
7	-8	-27
1	-20	-21
3	-7	-28
0	-1	-29
14	-18	-18
6	-18	-22
14	-17	-19
11	-14	-23
9	-18	-21
10	-11	-25
7	-11	-26
5	-14	-25
6	-9	-27
1	-19	-22
1	-13	-26
1	-2	-29
4	-16	-24
0	-8	-28
15	-15	-20
9	-12	-25
7	-15	-24
3	-20	-21
0	-15	-25
0	-11	-27
0	-3	-29
14	-16	-20
2	-8	-28
13	-18	-19
10	-15	-23
9	-17	-22
6	-17	-23
3	-19	-22
5	-10	-27
3	-13	-26
2	-15	-25
1	-18	-23
2	-11	-27
2	-3	-29
6	-12	-26
6	-6	-28
13	-17	-20
8	-13	-25
5	-7	-28
1	-4	-29
14	-15	-21
3	-18	-23
12	-12	-24
8	-20	-20
4	-8	-28
13	-16	-21
12	-19	-19
11	-13	-24
9	-16	-23
8	-19	-21
5	-20	-21
4	-15	-25
4	-11	-27
1	-17	-24
1	-9	-28
3	-4	-29
0	-5	-29
12	-18	-20
6	-16	-24
7	-14	-25
5	-19	-22
5	-13	-26
2	-5	-29
10	-14	-24
8	-18	-22
0	-14	-26
12	-17	-21
8	-9	-27
3	-17	-24
3	-9	-28
1	-12	-27
14	-14	-22
10	-10	-26
2	-14	-26
13	-15	-22
9	-11	-26
5	-18	-23
7	-10	-27
1	-6	-29
11	-19	-20
9	-15	-24
8	-17	-23
7	-7	-28
3	-12	-27
1	-16	-25
0	-21	-21
4	-5	-29
12	-16	-22
8	-12	-26
6	-8	-28
0	-20	-22
0	-10	-28
11	-18	-21
6	-15	-25
6	-11	-27
2	-21	-21
3	-6	-29
4	-14	-26
2	-20	-22
2	-10	-28
11	-12	-25
7	-20	-21
5	-17	-24
3	-16	-25
5	-9	-28
0	-19	-23
0	-7	-29
13	-14	-23
11	-17	-22
10	-13	-25
7	-19	-22
7	-13	-26
2	-19	-23
2	-7	-29
8	-16	-24
12	-15	-23
4	-21	-21
5	-12	-27
0	-13	-27
10	-20	-20
4	-20	-22
4	-10	-28
0	-18	-24
0	0	-30
17	-17	-18
10	-19	-21
9	-14	-25
7	-18	-23
2	-13	-27
1	-15	-26
5	-6	-29
1	-1	-30
16	-18	-18
2	-18	-24
0	-2	-30
16	-17	-19
11	-16	-23
5	-16	-25
4	-19	-23
4	-7	-29
1	-11	-28
1	-8	-29
10	-18	-22
6	-14	-26
2	-2	-30
15	-18	-19
9	-10	-27
3	-15	-26
1	-3	-30
16	-16	-20
8	-8	-28
15	-17	-20
13	-13	-24
8	-15	-25
7	-17	-24
8	-11	-27
7	-9	-28
4	-13	-27
3	-11	-28
0	-17	-25
3	-8	-29
12	-14	-24
4	-18	-24
0	-4	-30
14	-19	-19
10	-17	-23
11	-11	-26
6	-21	-21
2	-17	-25
3	-3	-30
14	-18	-20
10	-12	-26
6	-20	-22
6	-10	-28
2	-4	-30
15	-16	-21
11	-15	-24
9	-20	-21
7	-12	-27
0	-9	-29
14	-17	-21
9	-19	-22
9	-13	-26
6	-19	-23
5	-15	-26
1	-21	-22
6	-7	-29
1	-14	-27
2	-9	-29
1	-5	-30
0	-12	-28
13	-19	-20
7	-16	-25
4	-17	-25
5	-11	-28
1	-20	-23
5	-8	-29
10	-16	-24
2	-12	-28
0	-16	-26
4	-4	-30
15	-15	-22
13	-18	-21
9	-18	-23
6	-13	-27
3	-21	-22
3	-14	-27
3	-5	-30
14	-16	-22
8	-14	-26
6	-18	-24
2	-16	-26
0	-6	-30
12	-13	-25
3	-20	-23
1	-19	-24
4	-9	-29
2	-6	-30
13	-17	-22
11	-14	-25
1	-10	-29
12	-20	-20
4	-12	-28
12	-19	-21
9	-17	-24
8	-21	-21
9	-9	-28
3	-19	-24
8	-20	-22
8	-10	-28
4	-16	-26
14	-15	-23
10	-15	-25
10	-11	-27
7	-15	-26
6	-17	-25
5	-21	-22
5	-14	-27
1	-18	-25
3	-10	-29
5	-5	-30
1	-7	-30
12	-18	-22
4	-6	-30
13	-16	-23
8	-19	-23
9	-12	-27
5	-20	-23
7	-11	-28
7	-8	-29
1	-13	-28
0	-15	-27
3	-18	-25
6	-9	-29
2	-15	-27
3	-7	-30
12	-17	-23
11	-20	-21
9	-16	-25
8	-13	-27
5	-19	-24
3	-13	-28
0	-11	-29
0	-1	-31
12	-12	-26
8	-18	-24
6	-12	-28
0	-8	-30
11	-19	-22
11	-13	-26
5	-10	-29
1	-17	-26
2	-11	-29
1	-2	-31
14	-14	-24
6	-16	-26
0	-22	-22
2	-8	-30
13	-15	-24
4	-15	-27
0	-21	-23
0	-3	-31
18	-18	-18
10	-14	-26
2	-22	-22
6	-6	-30
17	-18	-19
11	-18	-23
7	-21	-22
7	-14	-27
5	-18	-25
3	-17	-26
2	-21	-23
5	-7	-30
2	-3	-31
12	-16	-24
0	-20	-24
17	-17	-20
16	-19	-19
8	-17	-25
7	-20	-23
5	-13	-28
4	-11	-29
1	-4	-31
16	-18	-20
2	-20	-24
4	-8	-30
0	-14	-28
10	-21	-21
9	-15	-26
1	-9	-30
10	-20	-22
10	-10	-28
4	-22	-22
2	-14	-28
16	-17	-21
15	-19	-20
11	-17	-24
7	-19	-24
9	-11	-28
4	-21	-23
8	-9	-29
1	-16	-27
0	-19	-25
1	-12	-29
3	-4	-31
0	-5	-31
15	-18	-21
13	-14	-25
10	-19	-23
6	-15	-27
5	-17	-26
7	-10	-29
2	-19	-25
3	-9	-30
2	-5	-31
8	-12	-28
4	-20	-24
12	-15	-25
11	-12	-27
3	-16	-27
3	-12	-29
16	-16	-22
14	-20	-20
8	-16	-26
4	-14	-28
15	-17	-22
14	-19	-21
10	-13	-27
7	-18	-25
6	-11	-29
7	-7	-30
1	-6	-31
10	-18	-24
6	-8	-30
0	-18	-26
0	-10	-30
11	-16	-25
7	-13	-28
4	-19	-25
4	-5	-31
14	-18	-22
6	-22	-22
2	-18	-26
2	-10	-30
9	-21	-22
9	-14	-27
6	-21	-23
5	-9	-30
3	-6	-31
15	-16	-23
13	-20	-21
9	-20	-23
5	-16	-27
5	-12	-29
1	-15	-28
0	-13	-29
0	-7	-31
6	-20	-24
14	-17	-23
13	-19	-22
13	-13	-26
10	-17	-25
7	-17	-26
1	-22	-23
2	-13	-29
2	-7	-31
12	-14	-26
6	-14	-28
4	-18	-26
4	-10	-30
9	-19	-24
8	-15	-27
3	-15	-28
1	-21	-24
0	-17	-27
13	-18	-23
11	-15	-26
6	-19	-25
9	-10	-29
3	-22	-23
2	-17	-27
5	-6	-31
1	-11	-30
0	0	-32
15	-15	-24
12	-21	-21
11	-11	-28
8	-11	-29
3	-21	-24
4	-13	-29
1	-20	-25
4	-7	-31
1	-8	-31
1	-1	-32
14	-16	-24
12	-20	-22
10	-12	-28
8	-8	-30
0	-2	-32
9	-18	-25
7	-9	-30
3	-11	-30
10	-16	-26
8	-22	-22
2	-2	-32
13	-17	-24
12	-19	-23
8	-21	-23
9	-13	-28
7	-16	-27
7	-12	-29
5	-15	-28
4	-17	-27
3	-20	-25
3	-8	-31
1	-3	-32
6	-18	-26
6	-10	-30
5	-22	-23
1	-19	-26
1	-14	-29
8	-20	-24
0	-16	-28
0	-4	-32
12	-13	-27
5	-21	-24
0	-9	-31
3	-3	-32
12	-18	-24
8	-14	-28
2	-16	-28
0	-12	-30
2	-4	-32
18	-19	-19
14	-15	-25
11	-21	-22
11	-14	-27
9	-17	-26
6	-13	-29
3	-19	-26
5	-11	-30
3	-14	-29
6	-7	-31
2	-9	-31
18	-18	-20
2	-12	-30
17	-19	-20
13	-16	-25
11	-20	-23
8	-19	-25
5	-20	-25
5	-8	-31
1	-5	-32
17	-18	-21
10	-15	-27
6	-17	-27
1	-18	-27
16	-20	-20
4	-16	-28
4	-4	-32
16	-19	-21
12	-17	-25
11	-19	-24
7	-15	-28
0	-23	-23
4	-9	-31
3	-5	-32
4	-12	-30
0	-22	-24
0	-6	-32
17	-17	-22
7	-22	-23
10	-11	-29
5	-19	-26
9	-9	-30
5	-14	-29
3	-18	-27
2	-23	-23
1	-10	-31
16	-18	-22
8	-18	-26
8	-10	-30
2	-22	-24
2	-6	-32
15	-20	-21
9	-16	-27
7	-21	-24
9	-12	-29
0	-21	-25
0	-15	-29
14	-14	-26
10	-22	-22
15	-19	-22
13	-15	-26
11	-18	-25
10	-21	-23
7	-11	-30
2	-21	-25
2	-15	-29
3	-10	-31
1	-13	-30
12	-12	-28
16	-17	-23
11	-13	-28
7	-20	-25
8	-13	-29
4	-23	-23
7	-8	-31
1	-17	-28
5	-5	-32
1	-7	-32
12	-16	-26
10	-20	-24
6	-16	-28
4	-22	-24
0	-20	-26
4	-6	-32
15	-18	-23
14	-21	-21
5	-18	-27
6	-9	-31
3	-13	-30
14	-20	-22
10	-14	-28
6	-12	-30
2	-20	-26
8	-17	-27
4	-21	-25
4	-15	-29
3	-17	-28
3	-7	-32
0	-11	-31
14	-19	-23
11	-17	-26
10	-19	-25
7	-19	-26
7	-14	-29
5	-10	-31
2	-11	-31
16	-16	-24
0	-8	-32
15	-17	-24
9	-15	-28
0	-19	-27
0	-1	-33
4	-20	-26
2	-8	-32
13	-21	-22
13	-14	-27
9	-22	-23
6	-23	-23
5	-13	-30
2	-19	-27
1	-2	-33
14	-18	-24
6	-22	-24
6	-6	-32
0	-14	-30
13	-20	-23
12	-15	-27
9	-21	-24
5	-17	-28
4	-11	-31
1	-16	-29
5	-7	-32
0	-3	-33
10	-18	-26
10	-10	-30
2	-14	-30
7	-18	-27
6	-21	-25
9	-11	-30
6	-15	-29
2	-3	-33
8	-16	-28
4	-8	-32
15	-16	-25
13	-19	-24
11	-16	-27
9	-20	-25
11	-12	-29
4	-19	-27
8	-9	-31
3	-16	-29
1	-23	-24
1	-12	-31
1	-9	-32
1	-4	-33
8	-12	-30
0	-18	-28
14	-17	-25
10	-13	-29
7	-10	-31
1	-22	-25
12	-22	-22
6	-20	-26
4	-14	-30
2	-18	-28
12	-21	-23
3	-23	-24
3	-12	-31
3	-9	-32
3	-4	-33
0	-5	-33
13	-18	-25
10	-17	-27
9	-19	-26
9	-14	-29
7	-13	-30
3	-22	-25
6	-11	-31
1	-21	-26
2	-5	-33
12	-20	-24
19	-19	-20
13	-13	-28
8	-23	-23
7	-17	-28
5	-16	-29
7	-7	-32
18	-20	-20
12	-14	-28
8	-22	-24
4	-18	-28
6	-8	-32
0	-10	-32
18	-19	-21
15	-15	-26
6	-19	-27
3	-21	-26
1	-15	-30
1	-6	-33
14	-16	-26
2	-10	-32
17	-20	-21
12	-19	-25
11	-15	-28
8	-21	-25
8	-15	-29
5	-23	-24
5	-12	-31
1	-20	-27
5	-9	-32
0	-17	-29
0	-13	-31
4	-5	-33
18	-18	-22
6	-14	-30
17	-19	-22
13	-17	-26
11	-22	-23
9	-18	-27
5	-22	-25
3	-15	-30
2	-17	-29
2	-13	-31
3	-6	-33
16	-21	-21
11	-21	-24
3	-20	-27
0	-7	-33
16	-20	-22
10	-16	-28
8	-20	-26
4	-10	-32
17	-18	-23
11	-11	-30
5	-21	-26
9	-10	-31
2	-7	-33
12	-18	-26
10	-12	-30
6	-18	-28
16	-19	-23
11	-20	-25
7	-16	-29
8	-11	-31
4	-17	-29
4	-13	-31
1	-19	-28
1	-11	-32
15	-21	-22
14	-15	-27
9	-13	-30
5	-15	-30
5	-6	-33
8	-8	-32
0	-24	-24
17	-17	-24
15	-20	-23
13	-16	-27
12	-13	-29
9	-17	-28
8	-19	-27
7	-23	-24
5	-20	-27
7	-12	-31
3	-19	-28
7	-9	-32
0	-23	-25
3	-11	-32
4	-7	-33
1	-8	-33
16	-18	-24
2	-24	-24
0	-16	-30
0	0	-34
11	-19	-26
10	-23	-23
11	-14	-29
7	-22	-25
2	-23	-25
1	-14	-31
1	-1	-34
10	-22	-24
8	-14	-30
6	-10	-32
2	-16	-30
0	-22	-26
0	-2	-34
15	-19	-24
12	-17	-27
3	-8	-33
14	-22	-22
2	-22	-26
2	-2	-34
14	-21	-23
10	-21	-25
10	-15	-29
7	-21	-26
6	-17	-29
6	-13	-31
3	-14	-31
1	-18	-29
1	-3	-34
4	-24	-24
0	-12	-32
16	-17	-25
5	-19	-28
4	-23	-25
5	-11	-32
0	-21	-27
0	-9	-33
14	-20	-24
8	-18	-28
4	-16	-30
2	-12	-32
0	-4	-34
15	-18	-25
11	-18	-27
7	-15	-30
3	-18	-29
2	-21	-27
6	-7	-33
2	-9	-33
3	-3	-34
14	-14	-28
10	-20	-26
4	-22	-26
2	-4	-34
13	-15	-28
9	-16	-29
7	-20	-27
5	-8	-33
14	-19	-25
13	-22	-23
10	-11	-31
5	-14	-31
1	-5	-34
12	-16	-28
4	-12	-32
0	-20	-28
13	-21	-24
9	-23	-24
9	-12	-31
4	-21	-27
9	-9	-32
4	-9	-33
0	-15	-31
16	-16	-26
12	-12	-30
6	-24	-24
8	-10	-32
2	-20	-28
4	-4	-34
15	-17	-26
10	-19	-27
9	-22	-25
11	-13	-30
6	-23	-25
5	-18	-29
2	-15	-31
1	-17	-30
1	-10	-33
3	-5	-34
6	-16	-30
0	-6	-34
13	-20	-25
11	-17	-28
8	-17	-29
7	-19	-28
8	-13	-31
7	-11	-32
1	-13	-32
14	-18	-26
10	-14	-30
6	-22	-26
2	-6	-34
9	-21	-26
3	-17	-30
3	-10	-33
20	-20	-20
4	-20	-28
19	-20	-21
12	-23	-23
4	-15	-31
1	-24	-25
7	-8	-33
3	-13	-32
0	-19	-29
12	-22	-24
6	-12	-32
19	-19	-22
18	-21	-21
13	-19	-26
13	-14	-29
9	-15	-30
6	-21	-27
7	-14	-31
2	-19	-29
1	-23	-26
6	-9	-33
5	-5	-34
1	-7	-34
18	-20	-22
10	-18	-28
4	-6	-34
15	-16	-27
12	-21	-25
12	-15	-29
9	-20	-27
3	-24	-25
0	-11	-33
18	-19	-23
17	-21	-22
14	-17	-27
7	-18	-29
5	-17	-30
3	-23	-26
1	-22	-27
5	-10	-33
2	-11	-33
3	-7	-34
8	-24	-24
17	-20	-23
11	-16	-29
8	-23	-25
4	-19	-29
5	-13	-32
1	-16	-31
12	-20	-26
8	-16	-30
6	-20	-28
0	-14	-32
0	-8	-34
13	-18	-27
6	-15	-31
3	-22	-27
18	-18	-24
16	-22	-22
8	-22	-26
10	-10	-32
2	-14	-32
0	-18	-30
2	-8	-34
17	-19	-24
16	-21	-23
11	-23	-24
9	-19	-28
11	-12	-31
5	-24	-25
9	-11	-32
3	-16	-31
1	-21	-28
4	-11	-33
0	-1	-35
2	-18	-30
6	-6	-34
11	-22	-25
10	-17	-29
10	-13	-31
5	-23	-26
5	-7	-34
1	-2	-35
16	-20	-24
8	-12	-32
15	-15	-28
12	-19	-27
8	-21	-27
3	-21	-28
8	-9	-33
1	-12	-33
0	-3	-35
14	-16	-28
4	-14	-32
4	-8	-34
17	-18	-25
15	-22	-23
11	-21	-26
13	-13	-30
9	-14	-31
7	-17	-30
6	-19	-29
5	-22	-27
7	-10	-33
1	-9	-34
2	-3	-35
12	-14	-30
4	-18	-30
16	-19	-25
15	-21	-24
13	-17	-28
7	-13	-32
5	-16	-31
1	-20	-29
3	-12	-33
1	-4	-35
11	-15	-30
9	-18	-29
6	-11	-33
3	-9	-34
8	-20	-28
15	-20	-25
11	-20	-27
7	-24	-25
8	-15	-31
5	-21	-28
3	-20	-29
0	-25	-25
1	-15	-32
0	-17	-31
3	-4	-35
0	-5	-35
12	-18	-28
10	-24	-24
0	-24	-26
17	-17	-26
14	-23	-23
10	-23	-25
7	-23	-26
2	-25	-25
2	-17	-31
7	-7	-34
2	-5	-35
16	-18	-26
14	-22	-24
10	-16	-30
6	-14	-32
2	-24	-26
6	-8	-34
0	-10	-34
5	-12	-33
3	-15	-32
0	-23	-27
0	-13	-33
10	-22	-26
6	-18	-30
2	-10	-34
15	-19	-26
14	-21	-25
14	-15	-29
7	-22	-27
2	-23	-27
1	-19	-30
5	-9	-34
2	-13	-33
1	-6	-35
13	-16	-29
11	-19	-28
8	-19	-29
11	-11	-32
7	-16	-31
5	-20	-29
4	-25	-25
4	-17	-31
4	-5	-35
10	-12	-32
4	-24	-26
0	-22	-28
10	-21	-27
9	-17	-30
9	-10	-33
3	-19	-30
3	-6	-35
14	-20	-26
2	-22	-28
4	-10	-34
16	-17	-27
13	-23	-24
12	-17	-29
12	-13	-31
7	-21	-28
9	-13	-32
4	-23	-27
8	-11	-33
5	-15	-32
4	-13	-33
0	-7	-35
15	-18	-27
13	-22	-25
11	-14	-31
1	-11	-34
2	-7	-35
0	-16	-32
20	-21	-21
9	-24	-25
7	-12	-33
0	-21	-29
20	-20	-22
10	-20	-28
8	-14	-32
4	-22	-28
8	-8	-34
2	-16	-32
19	-21	-22
14	-19	-27
13	-21	-26
11	-18	-29
9	-23	-26
10	-15	-31
6	-25	-25
6	-17	-31
5	-19	-30
2	-21	-29
7	-9	-34
1	-18	-31
3	-11	-34
1	-14	-33
5	-6	-35
8	-18	-30
6	-24	-26
19	-20	-23
7	-20	-29
4	-7	-35
1	-8	-35
18	-22	-22
14	-14	-30
6	-10	-34
18	-21	-23
13	-15	-30
9	-22	-27
6	-23	-27
6	-13	-33
3	-18	-31
3	-14	-33
16	-16	-28
12	-24	-24
4	-16	-32
0	0	-36
19	-19	-24
15	-17	-28
13	-20	-27
12	-23	-25
9	-16	-31
7	-15	-32
4	-21	-29
3	-8	-35
1	-1	-36
18	-20	-24
12	-16	-30
0	-20	-30
0	-12	-34
0	-2	-36
17	-22	-23
10	-19	-29
1	-25	-26
5	-11	-34
14	-18	-28
12	-22	-26
6	-22	-28
2	-20	-30
2	-12	-34
2	-2	-36
17	-21	-24
9	-21	-28
1	-24	-27
0	-9	-35
1	-3	-36
18	-19	-25
11	-17	-30
7	-19	-30
10	-11	-33
5	-18	-31
3	-25	-26
5	-14	-33
6	-7	-35
2	-9	-35
12	-12	-32
0	-4	-36
17	-20	-25
16	-23	-23
13	-19	-28
12	-21	-27
8	-25	-25
11	-13	-32
8	-17	-31
9	-12	-33
3	-24	-27
1	-23	-28
1	-17	-32
5	-8	-35
0	-15	-33
3	-3	-36
16	-22	-24
8	-24	-26
6	-16	-32
4	-20	-30
4	-12	-34
2	-4	-36
6	-21	-29
9	-9	-34
2	-15	-33
10	-14	-32
8	-10	-34
16	-21	-25
15	-16	-29
11	-24	-25
9	-20	-29
8	-23	-27
8	-13	-33
3	-23	-28
3	-17	-32
0	-19	-31
4	-9	-35
1	-5	-36
18	-18	-26
10	-18	-30
17	-19	-26
14	-17	-29
11	-23	-26
13	-14	-31
5	-25	-26
7	-11	-34
2	-19	-31
1	-22	-29
1	-13	-34
1	-10	-35
12	-20	-28
4	-4	-36
15	-23	-24
12	-15	-31
9	-15	-32
5	-24	-27
4	-15	-33
3	-5	-36
16	-20	-26
8	-22	-28
0	-6	-36
15	-22	-25
13	-18	-29
11	-22	-27
7	-18	-31
7	-14	-33
3	-22	-29
3	-13	-34
3	-10	-35
6	-20	-30
6	-12	-34
2	-6	-36
11	-16	-31
5	-23	-28
5	-17	-32
4	-19	-31
7	-8	-35
17	-18	-27
15	-21	-26
9	-19	-30
1	-21	-30
6	-9	-35
8	-16	-32
16	-19	-27
12	-19	-29
11	-21	-28
8	-21	-29
1	-16	-33
5	-5	-36
0	-11	-35
1	-7	-36
14	-24	-24
0	-18	-32
4	-6	-36
14	-23	-25
15	-15	-30
10	-25	-25
10	-17	-31
7	-25	-26
5	-22	-29
6	-15	-33
3	-21	-30
5	-13	-34
5	-10	-35
2	-11	-35
14	-16	-30
10	-24	-26
2	-18	-32
0	-26	-26
0	-14	-34
15	-20	-27
7	-24	-27
11	-12	-33
3	-16	-33
0	-25	-27
3	-7	-36
14	-22	-26
10	-10	-34
2	-26	-26
2	-14	-34
13	-17	-30
10	-23	-27
10	-13	-33
6	-19	-31
9	-11	-34
2	-25	-27
0	-24	-28
0	-8	-36
17	-17	-28
11	-20	-29
13	-13	-32
7	-23	-28
7	-17	-32
1	-20	-31
4	-11	-35
16	-18	-28
12	-14	-32
8	-20	-30
8	-12	-34
4	-18	-32
2	-24	-28
2	-8	-36
21	-21	-22
14	-21	-27
9	-18	-31
9	-14	-33
5	-21	-30
20	-22	-22
12	-18	-30
10	-22	-28
4	-26	-26
4	-14	-34
6	-6	-36
20	-21	-23
15	-19	-28
13	-24	-25
11	-15	-32
4	-25	-27
5	-16	-33
3	-20	-31
8	-9	-35
0	-23	-29
5	-7	-36
1	-12	-35
0	-1	-37
19	-22	-23
13	-23	-26
7	-22	-29
7	-13	-34
2	-23	-29
7	-10	-35
1	-2	-37
20	-20	-24
4	-24	-28
4	-8	-36
19	-21	-24
8	-15	-33
3	-12	-35
0	-17	-33
1	-9	-36
0	-3	-37
14	-20	-28
10	-16	-32
18	-23	-23
13	-22	-27
14	-15	-31
11	-19	-30
10	-21	-29
9	-25	-26
6	-11	-35
2	-17	-33
1	-15	-34
2	-3	-37
18	-22	-24
6	-18	-32
0	-22	-30
19	-20	-25
16	-17	-29
13	-16	-31
9	-24	-27
8	-19	-31
5	-20	-31
4	-23	-29
1	-19	-32
3	-9	-36
1	-4	-37
6	-26	-26
6	-14	-34
2	-22	-30
18	-21	-25
15	-18	-29
7	-21	-30
6	-25	-27
3	-15	-34
17	-23	-24
13	-21	-28
12	-25	-25
12	-17	-31
9	-23	-28
9	-17	-32
7	-16	-33
4	-17	-33
3	-19	-32
5	-12	-35
7	-7	-36
0	-13	-35
3	-4	-37
0	-5	-37
12	-24	-26
6	-24	-28
6	-8	-36
0	-10	-36
19	-19	-26
17	-22	-25
14	-19	-29
11	-11	-34
2	-13	-35
2	-5	-37
18	-20	-26
10	-20	-30
10	-12	-34
4	-22	-30
2	-10	-36
12	-23	-27
12	-13	-33
0	-21	-31
5	-9	-36
17	-21	-26
11	-18	-31
9	-22	-29
11	-14	-33
6	-23	-29
9	-13	-34
9	-10	-35
5	-15	-34
2	-21	-31
1	-26	-27
1	-6	-37
16	-24	-24
16	-23	-25
13	-20	-29
7	-20	-31
5	-19	-32
8	-11	-35
1	-25	-28
4	-13	-35
4	-5	-37
16	-16	-30
12	-22	-28
8	-18	-32
4	-10	-36
0	-16	-34
18	-19	-27
15	-17	-30
10	-15	-33
6	-17	-33
3	-26	-27
1	-18	-33
3	-6	-37
16	-22	-26
14	-14	-32
8	-26	-26
8	-14	-34
2	-16	-34
17	-20	-27
13	-15	-32
8	-25	-27
4	-21	-31
3	-25	-28
7	-12	-35
1	-24	-29
1	-11	-36
0	-7	-37
14	-18	-30
6	-22	-30
11	-25	-26
10	-19	-31
9	-21	-30
3	-18	-33
1	-14	-35
2	-7	-37
12	-16	-32
8	-24	-28
8	-8	-36
0	-20	-32
16	-21	-27
15	-24	-25
12	-21	-29
11	-24	-27
9	-16	-33
3	-24	-29
7	-9	-36
3	-11	-36
4	-16	-34
2	-20	-32
15	-23	-26
13	-19	-30
5	-26	-27
7	-15	-34
6	-13	-35
1	-23	-30
3	-14	-35
5	-6	-37
18	-18	-28
6	-10	-36
17	-19	-28
11	-23	-28
11	-17	-32
8	-23	-29
7	-19	-32
5	-25	-28
4	-7	-37
1	-8	-37
15	-22	-27
6	-21	-31
5	-18	-33
3	-23	-30
16	-20	-28
4	-20	-32
0	-12	-36
15	-16	-31
9	-20	-31
8	-17	-33
5	-24	-29
5	-11	-36
3	-8	-37
12	-20	-30
12	-12	-34
2	-12	-36
0	0	-38
14	-25	-25
14	-17	-31
11	-22	-29
11	-13	-34
10	-11	-35
5	-14	-35
1	-22	-31
1	-17	-34
1	-1	-38
14	-24	-26
10	-18	-32
8	-22	-30
6	-16	-34
0	-2	-38
15	-21	-28
9	-12	-35
0	-19	-33
0	-15	-35
0	-9	-37
22	-22	-22
10	-26	-26
10	-14	-34
2	-2	-38
21	-22	-23
17	-18	-29
14	-23	-27
13	-18	-31
10	-25	-27
13	-14	-33
7	-26	-27
5	-23	-30
3	-22	-31
3	-17	-34
2	-19	-33
2	-15	-35
6	-7	-37
2	-9	-37
1	-3	-38
4	-12	-36
21	-21	-24
20	-23	-23
16	-19	-29
12	-15	-33
7	-25	-28
8	-13	-35
9	-9	-36
0	-27	-27
5	-8	-37
20	-22	-24
10	-24	-28
6	-20	-32
8	-10	-36
0	-26	-28
0	-4	-38
11	-21	-30
9	-15	-34
7	-18	-33
2	-27	-27
3	-3	-38
14	-22	-28
2	-26	-28
2	-4	-38
20	-21	-25
19	-23	-24
15	-20	-29
12	-19	-31
11	-16	-33
9	-19	-32
8	-21	-31
7	-24	-29
4	-19	-33
7	-11	-36
4	-15	-35
1	-21	-32
0	-25	-29
4	-9	-37
1	-13	-36
19	-22	-25
13	-25	-26
10	-23	-29
5	-22	-31
7	-14	-35
5	-17	-34
2	-25	-29
1	-10	-37
1	-5	-38
13	-24	-27
15	-15	-32
4	-27	-27
3	-21	-32
3	-13	-36
20	-20	-26
18	-24	-24
14	-16	-32
8	-16	-34
4	-26	-28
6	-12	-36
0	-24	-30
4	-4	-38
19	-21	-26
18	-23	-25
17	-17	-30
14	-21	-29
10	-17	-33
7	-23	-30
3	-10	-37
3	-5	-38
16	-18	-30
2	-24	-30
0	-18	-34
0	-6	-38
13	-23	-28
13	-17	-32
11	-20	-31
4	-25	-29
7	-8	-37
1	-16	-35
18	-22	-26
10	-22	-30
2	-18	-34
2	-6	-38
15	-19	-30
9	-26	-27
6	-19	-33
6	-15	-35
6	-9	-37
8	-20	-32
19	-20	-27
17	-24	-25
9	-25	-28
11	-12	-35
5	-21	-32
5	-13	-36
3	-16	-35
1	-20	-33
0	-23	-31
0	-11	-37
12	-18	-32
4	-24	-30
0	-14	-36
18	-21	-27
17	-23	-26
13	-22	-29
13	-13	-34
9	-18	-33
7	-22	-31
6	-27	-27
10	-13	-35
7	-17	-34
2	-23	-31
5	-10	-37
2	-11	-37
5	-5	-38
1	-7	-38
14	-20	-30
12	-26	-26
12	-14	-34
6	-26	-28
10	-10	-36
4	-18	-34
2	-14	-36
4	-6	-38
12	-25	-27
9	-24	-29
9	-11	-36
3	-20	-33
17	-22	-27
10	-21	-31
11	-15	-34
6	-25	-29
9	-14	-35
3	-7	-38
12	-24	-28
8	-12	-36
19	-19	-28
16	-25	-25
16	-17	-31
11	-19	-32
4	-23	-31
5	-16	-35
4	-11	-37
18	-20	-28
16	-24	-26
4	-14	-36
0	-22	-32
0	-8	-38
15	-18	-31
13	-21	-30
14	-15	-33
9	-23	-30
10	-16	-34
6	-24	-30
2	-22	-32
2	-8	-38
17	-21	-28
16	-23	-27
12	-23	-29
13	-16	-33
8	-19	-33
7	-21	-32
8	-15	-35
5	-20	-33
7	-13	-36
1	-27	-28
8	-9	-37
0	-17	-35
1	-12	-37
6	-18	-34
6	-6	-38
14	-19	-31
1	-26	-29
7	-10	-37
2	-17	-35
1	-19	-34
5	-7	-38
12	-17	-33
8	-27	-27
3	-27	-28
3	-12	-37
1	-15	-36
0	-1	-39
16	-22	-28
10	-20	-32
8	-26	-28
4	-22	-32
4	-8	-38
18	-19	-29
15	-25	-26
11	-26	-27
9	-22	-31
9	-17	-34
6	-23	-31
3	-26	-29
3	-19	-34
1	-25	-30
6	-11	-37
1	-9	-38
1	-2	-39
12	-22	-30
6	-14	-36
17	-20	-29
15	-24	-27
13	-20	-31
11	-25	-28
8	-25	-29
7	-16	-35
4	-17	-35
3	-15	-36
0	-21	-33
0	-3	-39
11	-18	-33
3	-25	-30
2	-21	-33
3	-9	-38
2	-3	-39
16	-16	-32
16	-21	-29
15	-23	-28
15	-17	-32
11	-24	-29
12	-13	-35
7	-20	-33
5	-27	-28
11	-11	-36
1	-24	-31
5	-12	-37
0	-13	-37
1	-4	-39
8	-24	-30
10	-12	-36
22	-23	-23
11	-14	-35
5	-26	-29
5	-19	-34
7	-7	-38
2	-13	-37
22	-22	-24
14	-18	-32
8	-18	-34
6	-22	-32
6	-8	-38
0	-10	-38
21	-23	-24
12	-21	-31
9	-21	-32
9	-13	-36
4	-21	-33
3	-24	-31
5	-15	-36
3	-4	-39
0	-5	-39
18	-18	-30
14	-26	-26
14	-14	-34
2	-10	-38
21	-22	-25
17	-19	-30
15	-22	-29
14	-25	-27
11	-23	-30
13	-15	-34
10	-19	-33
10	-15	-35
5	-25	-30
6	-17	-35
9	-10	-37
1	-18	-35
5	-9	-38
2	-5	-39
20	-24	-24
0	-16	-36
20	-23	-25
13	-19	-32
8	-23	-31
8	-11	-37
1	-23	-32
4	-13	-37
16	-20	-30
14	-24	-28
12	-16	-34
8	-14	-36
2	-16	-36
0	-20	-34
21	-21	-26
10	-27	-27
3	-18	-35
1	-6	-39
20	-22	-26
10	-26	-28
2	-20	-34
4	-10	-38
19	-24	-25
7	-27	-28
9	-16	-35
5	-24	-31
3	-23	-32
7	-12	-37
4	-5	-39
19	-23	-26
15	-21	-30
14	-23	-29
11	-22	-31
10	-25	-29
11	-17	-34
7	-26	-29
7	-19	-34
6	-21	-33
1	-14	-37
1	-11	-38
3	-6	-39
12	-20	-32
4	-16	-36
0	-28	-28
20	-21	-27
15	-16	-33
9	-20	-33
7	-15	-36
0	-27	-29
0	-7	-39
8	-22	-32
4	-20	-34
2	-28	-28
8	-8	-38
19	-22	-27
18	-25	-25
17	-18	-31
13	-26	-27
14	-17	-33
7	-25	-30
5	-18	-35
2	-27	-29
6	-13	-37
1	-22	-33
7	-9	-38
3	-14	-37
3	-11	-38
2	-7	-39
18	-24	-26
10	-24	-30
0	-26	-30
16	-19	-31
13	-25	-28
8	-17	-35
5	-23	-32
14	-22	-30
10	-18	-34
2	-26	-30
6	-10	-38
18	-23	-27
13	-18	-33
3	-22	-33
5	-6	-39
20	-20	-28
12	-12	-36
4	-28	-28
19	-21	-28
15	-20	-31
13	-24	-29
11	-21	-32
7	-24	-31
11	-13	-36
4	-27	-29
0	-25	-31
1	-17	-36
0	-19	-35
4	-7	-39
1	-8	-39
6	-16	-36
0	-12	-38
17	-25	-26
10	-23	-31
13	-14	-35
10	-11	-37
2	-25	-31
5	-14	-37
2	-19	-35
5	-11	-38
18	-22	-28
10	-14	-36
6	-20	-34
4	-26	-30
2	-12	-38
17	-24	-27
12	-19	-33
9	-27	-28
12	-15	-35
8	-21	-33
9	-12	-37
3	-17	-36
0	-15	-37
3	-8	-39
14	-21	-31
13	-23	-30
9	-26	-29
9	-19	-34
7	-18	-35
5	-22	-33
1	-21	-34
2	-15	-37
0	-24	-32
0	0	-40
19	-20	-29
17	-23	-28
17	-17	-32
12	-27	-27
11	-16	-35
7	-23	-32
9	-15	-36
4	-25	-31
8	-13	-37
4	-19	-35
0	-9	-39
1	-1	-40
16	-18	-32
12	-26	-28
6	-28	-28
2	-24	-32
4	-12	-38
0	-2	-40
18	-21	-29
15	-15	-34
9	-25	-30
6	-27	-29
3	-21	-34
9	-9	-38
6	-7	-39
2	-9	-39
16	-26	-26
14	-16	-34
10	-22	-32
8	-10	-38
2	-2	-40
16	-25	-27
15	-19	-32
12	-25	-29
11	-20	-33
5	-17	-36
4	-15	-37
5	-8	-39
1	-3	-40
6	-26	-30
17	-22	-29
13	-22	-31
13	-17	-34
10	-17	-35
7	-14	-37
7	-11	-38
1	-13	-38
16	-24	-28
8	-16	-36
4	-24	-32
0	-4	-40
9	-24	-31
0	-23	-33
4	-9	-39
3	-3	-40
14	-20	-32
12	-24	-30
8	-20	-34
0	-18	-36
2	-4	-40
19	-19	-30
7	-22	-33
6	-25	-31
6	-19	-35
5	-21	-34
2	-23	-33
3	-13	-38
1	-10	-39
18	-20	-30
12	-18	-34
6	-12	-38
2	-18	-36
16	-23	-29
1	-28	-29
1	-20	-35
1	-16	-37
1	-5	-40
17	-21	-30
15	-26	-27
10	-21	-33
9	-18	-35
6	-15	-37
1	-27	-30
3	-10	-39
8	-28	-28
4	-4	-40
23	-23	-24
15	-25	-28
16	-17	-33
13	-21	-32
12	-23	-31
11	-27	-28
9	-23	-32
8	-27	-29
13	-13	-36
11	-12	-37
7	-17	-36
4	-23	-33
3	-28	-29
3	-20	-35
3	-16	-37
7	-8	-39
3	-5	-40
22	-24	-24
12	-14	-36
6	-24	-32
4	-18	-36
0	-6	-40
22	-23	-25
15	-18	-33
11	-26	-29
11	-19	-34
10	-13	-37
3	-27	-30
1	-26	-31
5	-13	-38
6	-9	-39
16	-22	-30
8	-26	-30
0	-22	-34
0	-14	-38
2	-6	-40
21	-24	-25
15	-24	-29
11	-15	-36
0	-11	-39
22	-22	-26
10	-10	-38
2	-22	-34
2	-14	-38
21	-23	-26
18	-19	-31
14	-19	-33
11	-25	-30
14	-15	-35
7	-21	-34
9	-14	-37
3	-26	-31
9	-11	-38
5	-10	-39
2	-11	-39
20	-25	-25
17	-20	-31
13	-16	-35
8	-25	-31
8	-19	-35
5	-28	-29
5	-20	-35
5	-16	-37
1	-25	-32
5	-5	-40
1	-7	-40
20	-24	-26
12	-22	-32
10	-16	-36
8	-12	-38
4	-6	-40
21	-22	-27
15	-23	-30
14	-27	-27
9	-22	-33
6	-23	-33
5	-27	-30
14	-26	-28
10	-20	-34
6	-18	-36
4	-22	-34
4	-14	-38
20	-23	-27
16	-21	-31
13	-20	-33
11	-24	-31
12	-17	-35
8	-15	-37
3	-25	-32
1	-19	-36
4	-11	-39
0	-17	-37
3	-7	-40
19	-25	-26
14	-25	-29
5	-26	-31
7	-13	-38
2	-17	-37
8	-24	-32
0	-8	-40
21	-21	-28
19	-24	-27
9	-17	-36
3	-19	-36
1	-24	-33
8	-9	-39
0	-21	-35
1	-12	-39
20	-22	-28
16	-16	-34
10	-28	-28
2	-8	-40
15	-22	-31
15	-17	-34
10	-27	-29
11	-18	-35
2	-21	-35
7	-10	-39
1	-15	-38
18	-18	-32
14	-24	-30
6	-6	-40
19	-23	-28
17	-19	-32
12	-21	-33
11	-23	-32
7	-28	-29
7	-20	-35
5	-25	-32
7	-16	-37
3	-24	-33
4	-17	-37
3	-12	-39
5	-7	-40
18	-26	-26
14	-18	-34
10	-26	-30
6	-22	-34
6	-14	-38
18	-25	-27
9	-21	-34
7	-27	-30
6	-11	-39
3	-15	-38
16	-20	-32
4	-8	-40
20	-21	-29
13	-27	-28
8	-23	-33
12	-13	-37
5	-19	-36
4	-21	-35
0	-29	-29
1	-9	-40
0	-1	-41
18	-24	-28
8	-18	-36
0	-28	-30
19	-22	-29
14	-23	-31
13	-26	-29
13	-19	-34
10	-25	-31
10	-19	-35
7	-26	-31
11	-14	-37
11	-11	-38
2	-29	-29
1	-23	-34
1	-2	-41
14	-14	-36
10	-12	-38
2	-28	-30
15	-21	-32
13	-15	-36
5	-24	-33
0	-27	-31
5	-12	-39
3	-9	-40
0	-13	-39
0	-3	-41
18	-23	-29
17	-26	-27
13	-25	-30
11	-22	-33
10	-15	-37
9	-13	-38
6	-17	-37
3	-23	-34
2	-27	-31
5	-15	-38
1	-18	-37
2	-13	-39
2	-3	-41
12	-16	-36
0	-20	-36
17	-25	-28
7	-25	-32
4	-29	-29
7	-7	-40
1	-4	-41
20	-20	-30
12	-20	-34
10	-24	-32
4	-28	-30
2	-20	-36
0	-26	-32
6	-8	-40
0	-16	-38
0	-10	-40
19	-21	-30
17	-18	-33
6	-21	-35
9	-10	-39
3	-18	-37
14	-22	-32
8	-22	-34
8	-14	-38
2	-26	-32
2	-16	-38
2	-10	-40
17	-24	-29
16	-19	-33
13	-24	-31
15	-16	-35
9	-28	-29
11	-17	-36
9	-20	-35
9	-16	-37
7	-19	-36
4	-27	-31
8	-11	-39
4	-13	-39
5	-9	-40
3	-4	-41
0	-5	-41
18	-22	-30
14	-17	-35
9	-27	-30
5	-23	-34
1	-22	-35
2	-5	-41
12	-28	-28
4	-20	-36
16	-27	-27
15	-20	-33
12	-27	-29
7	-24	-33
7	-12	-39
0	-25	-33
16	-26	-28
4	-26	-32
4	-16	-38
4	-10	-40
17	-23	-30
13	-18	-35
11	-21	-34
10	-23	-33
9	-26	-31
6	-29	-29
7	-15	-38
5	-18	-37
3	-22	-35
2	-25	-33
1	-14	-39
1	-6	-41
12	-26	-30
10	-18	-36
6	-28	-30
19	-20	-31
16	-25	-29
13	-23	-32
8	-17	-37
1	-11	-40
4	-5	-41
18	-21	-31
14	-21	-33
6	-27	-31
6	-13	-39
3	-14	-39
3	-6	-41
24	-24	-24
8	-8	-40
23	-24	-25
12	-25	-31
12	-19	-35
9	-25	-32
8	-21	-35
4	-25	-33
7	-9	-40
0	-19	-37
3	-11	-40
0	-7	-41
16	-24	-30
12	-12	-38
6	-20	-36
0	-24	-34
23	-23	-26
22	-25	-25
17	-22	-31
17	-17	-34
13	-14	-37
7	-23	-34
11	-13	-38
5	-22	-35
2	-19	-37
1	-17	-38
2	-7	-41
22	-24	-26
16	-18	-34
6	-26	-32
6	-16	-38
2	-24	-34
6	-10	-40
15	-27	-28
12	-15	-37
9	-19	-36
1	-21	-36
10	-22	-34
10	-14	-38
22	-23	-27
21	-25	-26
15	-26	-29
15	-19	-34
13	-22	-33
7	-18	-37
10	-11	-39
1	-29	-30
5	-14	-39
3	-17	-38
5	-6	-41
12	-24	-32
0	-12	-40
21	-24	-27
19	-19	-32
16	-23	-31
11	-28	-29
15	-15	-36
11	-20	-35
9	-24	-33
8	-29	-29
11	-16	-37
9	-12	-39
4	-19	-37
3	-21	-36
1	-28	-31
5	-11	-40
0	-15	-39
4	-7	-41
1	-8	-41
18	-20	-32
14	-16	-36
8	-28	-30
4	-24	-34
2	-12	-40
15	-25	-30
11	-27	-30
6	-25	-33
9	-15	-38
3	-29	-30
2	-15	-39
22	-22	-28
20	-26	-26
14	-20	-34
21	-23	-28
20	-25	-27
17	-21	-32
13	-17	-36
8	-27	-31
3	-28	-31
8	-13	-39
1	-27	-32
0	-23	-35
3	-8	-41
11	-26	-31
10	-17	-37
7	-22	-35
5	-17	-38
2	-23	-35
20	-24	-28
8	-20	-36
4	-12	-40
15	-24	-31
12	-23	-33
5	-21	-36
3	-27	-32
9	-9	-40
4	-15	-39
0	-9	-41
16	-22	-32
14	-28	-28
12	-18	-36
8	-26	-32
8	-16	-38
8	-10	-40
0	0	-42
21	-22	-29
19	-26	-27
14	-27	-29
13	-21	-34
10	-21	-35
9	-23	-34
5	-29	-30
6	-19	-37
7	-14	-39
1	-26	-33
6	-7	-41
2	-9	-41
1	-1	-42
6	-24	-34
0	-18	-38
0	-2	-42
20	-23	-29
19	-25	-28
16	-17	-35
11	-25	-32
5	-28	-31
4	-23	-35
7	-11	-40
1	-20	-37
5	-8	-41
1	-13	-40
14	-26	-30
2	-18	-38
2	-2	-42
18	-19	-33
15	-18	-35
9	-18	-37
3	-26	-33
1	-3	-42
19	-24	-29
17	-20	-33
15	-23	-32
11	-19	-36
8	-25	-33
5	-27	-32
3	-20	-37
3	-13	-40
1	-16	-39
4	-9	-41
6	-12	-40
0	-22	-36
0	-4	-42
21	-21	-30
18	-27	-27
14	-25	-31
14	-19	-35
10	-29	-29
13	-13	-38
7	-17	-38
6	-15	-39
1	-25	-34
1	-10	-41
3	-3	-42
20	-22	-30
18	-26	-28
12	-22	-34
10	-28	-30
12	-14	-38
4	-18	-38
2	-22	-36
2	-4	-42
16	-21	-33
11	-24	-33
7	-21	-36
11	-12	-39
3	-16	-39
19	-23	-30
18	-25	-29
10	-27	-31
14	-15	-37
9	-22	-35
7	-29	-30
11	-15	-38
6	-23	-35
5	-26	-33
10	-13	-39
3	-25	-34
3	-10	-41
1	-5	-42
13	-28	-29
13	-20	-35
13	-16	-37
7	-28	-31
8	-19	-37
5	-20	-37
5	-13	-40
7	-8	-41
14	-24	-32
10	-20	-36
8	-24	-34
4	-22	-36
0	-14	-40
4	-4	-42
15	-22	-33
13	-27	-30
9	-14	-39
6	-9	-41
3	-5	-42
18	-24	-30
10	-26	-32
10	-16	-38
10	-10	-40
0	-30	-30
2	-14	-40
0	-6	-42
20	-21	-31
17	-27	-28
12	-17	-37
7	-27	-32
9	-11	-40
5	-16	-39
1	-24	-35
0	-29	-31
0	-11	-41
18	-18	-34
6	-18	-38
2	-30	-30
2	-6	-42
19	-22	-31
17	-26	-29
17	-19	-34
13	-26	-31
11	-23	-34
5	-25	-34
2	-29	-31
1	-19	-38
5	-10	-41
2	-11	-41
16	-16	-36
8	-12	-40
0	-28	-32
15	-17	-36
12	-21	-35
8	-15	-39
3	-24	-35
0	-21	-37
0	-17	-39
16	-20	-34
2	-28	-32
4	-14	-40
18	-23	-31
17	-25	-30
14	-23	-33
10	-25	-33
11	-18	-37
7	-26	-33
9	-17	-38
3	-19	-38
2	-21	-37
2	-17	-39
5	-5	-42
1	-7	-42
14	-18	-36
6	-22	-36
4	-30	-30
4	-6	-42
13	-25	-32
9	-21	-36
8	-23	-35
7	-20	-37
4	-29	-31
7	-13	-40
0	-27	-33
4	-11	-41
15	-21	-34
9	-29	-30
2	-27	-33
3	-7	-42
20	-20	-32
16	-28	-28
4	-28	-32
24	-25	-25
19	-21	-32
17	-24	-31
16	-27	-29
12	-29	-29
13	-19	-36
9	-28	-31
5	-24	-35
7	-16	-39
4	-21	-37
4	-17	-39
1	-23	-36
8	-9	-41
1	-15	-40
1	-12	-41
24	-24	-26
12	-28	-30
0	-8	-42
23	-25	-26
11	-22	-35
10	-19	-37
7	-25	-34
5	-19	-38
7	-10	-41
18	-22	-32
16	-26	-30
10	-24	-34
8	-18	-38
6	-14	-40
0	-26	-34
2	-8	-42
23	-24	-27
13	-24	-33
12	-27	-31
9	-27	-32
12	-13	-39
4	-27	-33
3	-23	-36
3	-15	-40
3	-12	-41
22	-26	-26
14	-22	-34
14	-14	-38
6	-30	-30
2	-26	-34
6	-6	-42
22	-25	-27
17	-18	-35
13	-15	-38
6	-29	-31
11	-14	-39
6	-11	-41
5	-7	-42
12	-20	-36
23	-23	-28
17	-23	-32
16	-25	-31
16	-19	-35
11	-11	-40
22	-24	-28
12	-26	-32
12	-16	-38
8	-22	-36
6	-28	-32
10	-12	-40
0	-20	-38
4	-8	-42
21	-26	-27
9	-26	-33
10	-15	-39
6	-21	-37
6	-17	-39
1	-18	-39
1	-9	-42
4	-26	-34
2	-20	-38
21	-25	-28
19	-20	-33
15	-28	-29
15	-20	-35
15	-16	-37
9	-20	-37
7	-24	-35
5	-23	-36
9	-13	-40
5	-15	-40
0	-25	-35
5	-12	-41
0	-13	-41
0	-1	-43
22	-23	-29
18	-21	-33
15	-27	-30
13	-23	-34
14	-17	-37
10	-23	-35
11	-17	-38
6	-27	-33
7	-19	-38
2	-25	-35
3	-18	-39
1	-22	-37
2	-13	-41
3	-9	-42
1	-2	-43
16	-24	-32
0	-16	-40
21	-24	-29
20	-27	-27
12	-25	-33
11	-21	-36
9	-16	-39
0	-3	-43
20	-26	-28
8	-14	-40
4	-20	-38
2	-16	-40
17	-22	-33
15	-26	-31
14	-21	-35
11	-29	-30
13	-18	-37
9	-25	-34
3	-22	-37
1	-30	-31
9	-10	-41
7	-7	-42
2	-3	-43
8	-30	-30
6	-8	-42
0	-10	-42
20	-25	-29
11	-28	-31
8	-29	-31
4	-25	-35
1	-29	-32
8	-11	-41
4	-13	-41
1	-4	-43
22	-22	-30
10	-18	-38
6	-26	-34
2	-10	-42
21	-23	-30
3	-30	-31
5	-18	-39
5	-9	-42
8	-28	-32
4	-16	-40
0	-24	-36
19	-27	-28
16	-23	-33
15	-25	-32
17	-17	-36
11	-27	-32
12	-19	-37
8	-21	-37
7	-23	-36
8	-17	-39
3	-29	-32
7	-15	-40
1	-28	-33
7	-12	-41
3	-4	-43
0	-5	-43
20	-24	-30
16	-18	-36
12	-24	-34
2	-24	-36
19	-26	-29
19	-19	-34
14	-29	-29
13	-22	-35
5	-22	-37
1	-14	-41
2	-5	-43
18	-20	-34
14	-28	-30
10	-22	-36
6	-20	-38
4	-10	-42
15	-19	-36
9	-24	-35
8	-27	-33
3	-28	-33
0	-19	-39
21	-22	-31
19	-25	-30
17	-21	-34
14	-27	-31
11	-26	-33
13	-14	-39
9	-19	-38
6	-25	-35
5	-30	-31
1	-27	-34
6	-13	-41
2	-19	-39
1	-21	-38
3	-14	-41
1	-11	-42
1	-6	-43
12	-12	-40
4	-24	-36
20	-23	-31
15	-24	-33
11	-20	-37
12	-15	-39
5	-29	-32
11	-13	-40
1	-17	-40
4	-5	-43
18	-28	-28
14	-20	-36
6	-16	-40
8	-8	-42
18	-27	-29
15	-15	-38
7	-18	-39
3	-27	-34
3	-21	-38
7	-9	-42
3	-11	-42
3	-6	-43
16	-22	-34
14	-26	-32
14	-16	-38
8	-26	-34
10	-14	-40
19	-24	-31
12	-23	-35
11	-16	-39
5	-28	-33
4	-19	-39
3	-17	-40
0	-23	-37
0	-7	-43
18	-26	-30
10	-30	-30
6	-10	-42
11	-25	-34
10	-29	-31
13	-17	-38
7	-22	-37
10	-11	-41
2	-23	-37
1	-26	-35
5	-14	-41
2	-7	-43
21	-21	-32
13	-21	-36
9	-23	-36
9	-15	-40
9	-12	-41
0	-15	-41
20	-22	-32
10	-28	-32
8	-20	-38
6	-24	-36
0	-12	-42
18	-25	-31
18	-19	-35
15	-23	-34
14	-25	-33
13	-29	-30
10	-21	-37
7	-30	-31
10	-17	-39
5	-27	-34
5	-21	-38
3	-26	-35
5	-11	-42
2	-15	-41
5	-6	-43
12	-18	-38
2	-12	-42
19	-23	-32
17	-28	-29
17	-20	-35
13	-28	-31
16	-17	-37
8	-25	-35
7	-29	-32
4	-23	-37
8	-13	-41
5	-17	-40
4	-7	-43
1	-8	-43
17	-27	-30
15	-18	-37
10	-27	-33
6	-19	-39
8	-16	-40
16	-21	-35
13	-27	-32
11	-24	-35
7	-28	-33
1	-25	-36
0	-31	-31
4	-15	-41
1	-20	-39
3	-8	-43
18	-24	-32
12	-22	-36
0	-30	-32
4	-12	-42
0	-18	-40
25	-25	-26
17	-26	-31
14	-19	-37
11	-19	-38
9	-18	-39
5	-26	-35
2	-31	-31
7	-14	-41
9	-9	-42
24	-26	-26
14	-24	-34
2	-30	-32
8	-10	-42
2	-18	-40
0	-22	-38
24	-25	-27
20	-21	-33
3	-25	-36
3	-20	-39
0	-29	-33
0	-9	-43
10	-26	-34
2	-22	-38
23	-26	-27
19	-22	-33
15	-22	-35
13	-26	-33
9	-22	-37
7	-27	-34
7	-21	-38
6	-23	-37
2	-29	-33
7	-11	-42
6	-7	-43
1	-13	-42
2	-9	-43
24	-24	-28
8	-24	-36
0	0	-44
23	-25	-28
17	-25	-32
16	-29	-29
13	-20	-37
13	-13	-40
4	-31	-31
7	-17	-40
1	-16	-41
5	-8	-43
1	-1	-44
16	-28	-30
12	-14	-40
4	-30	-32
4	-18	-40
0	-28	-34
0	-2	-44
22	-27	-27
18	-23	-33
9	-30	-31
14	-15	-39
6	-15	-41
3	-13	-42
22	-26	-28
18	-18	-36
12	-30	-30
10	-20	-38
4	-22	-38
2	-28	-34
6	-12	-42
2	-2	-44
23	-24	-29
16	-27	-31
17	-19	-36
12	-29	-31
11	-23	-36
9	-29	-32
13	-16	-39
11	-15	-40
8	-19	-39
5	-25	-36
4	-29	-33
11	-12	-41
5	-20	-39
1	-24	-37
3	-16	-41
4	-9	-43
1	-3	-44
22	-25	-29
14	-23	-35
13	-25	-34
10	-25	-35
7	-26	-35
10	-13	-41
1	-10	-43
16	-20	-36
12	-28	-32
0	-4	-44
21	-27	-28
17	-24	-33
12	-21	-37
9	-28	-33
12	-17	-39
3	-24	-37
0	-27	-35
3	-3	-44
20	-20	-34
16	-26	-32
16	-16	-38
10	-16	-40
4	-28	-34
2	-4	-44
23	-23	-30
21	-26	-29
19	-21	-34
15	-17	-38
6	-31	-31
9	-14	-41
2	-27	-35
5	-13	-42
3	-10	-43
22	-24	-30
6	-30	-32
6	-18	-40
0	-14	-42
15	-21	-36
12	-27	-33
8	-23	-37
5	-16	-41
1	-19	-40
0	-21	-39
7	-8	-43
1	-5	-44
18	-22	-34
14	-18	-38
6	-22	-38
10	-10	-42
2	-14	-42
21	-25	-30
15	-29	-30
9	-27	-34
11	-18	-39
9	-21	-38
6	-29	-33
9	-11	-42
2	-21	-39
6	-9	-43
20	-28	-28
4	-4	-44
20	-27	-29
16	-25	-33
15	-28	-31
13	-24	-35
7	-25	-36
9	-17	-40
7	-20	-39
5	-24	-37
4	-27	-35
8	-15	-41
3	-19	-40
0	-17	-41
0	-11	-43
3	-5	-44
10	-24	-36
8	-12	-42
0	-26	-36
0	-6	-44
22	-23	-31
17	-23	-34
13	-19	-38
11	-22	-37
1	-23	-38
2	-17	-41
5	-10	-43
2	-11	-43
20	-26	-30
14	-22	-36
12	-26	-34
6	-28	-34
2	-26	-36
4	-14	-42
2	-6	-44
21	-24	-31
15	-27	-32
4	-21	-39
17	-18	-37
11	-30	-31
9	-26	-35
10	-19	-39
3	-23	-38
7	-13	-42
20	-25	-31
19	-28	-29
19	-20	-35
16	-19	-37
11	-29	-32
8	-31	-31
7	-16	-41
5	-19	-40
1	-31	-32
4	-17	-41
4	-11	-43
5	-5	-44
1	-7	-44
16	-24	-34
12	-20	-38
8	-30	-32
8	-18	-40
4	-26	-36
4	-6	-44
19	-27	-30
18	-21	-35
15	-26	-33
6	-27	-35
1	-30	-33
1	-15	-42
22	-22	-32
14	-14	-40
8	-22	-38
21	-23	-32
15	-20	-37
13	-23	-36
12	-25	-35
11	-28	-33
8	-29	-33
13	-15	-40
7	-24	-37
12	-13	-41
3	-31	-32
0	-25	-37
8	-9	-43
1	-12	-43
3	-7	-44
14	-30	-30
6	-14	-42
19	-26	-31
17	-22	-35
14	-29	-31
10	-23	-37
11	-14	-41
6	-21	-39
5	-23	-38
3	-30	-33
2	-25	-37
1	-29	-34
7	-10	-43
3	-15	-42
20	-24	-32
12	-16	-40
0	-20	-40
0	-8	-44
15	-16	-39
9	-25	-36
9	-20	-39
3	-12	-43
14	-28	-32
8	-28	-34
2	-20	-40
2	-8	-44
18	-29	-29
15	-25	-34
14	-21	-37
11	-27	-34
14	-17	-39
11	-21	-38
10	-15	-41
3	-29	-34
11	-11	-42
6	-17	-41
1	-22	-39
6	-11	-43
1	-18	-41
18	-28	-30
6	-26	-36
10	-12	-42
6	-6	-44
19	-25	-32
16	-23	-35
11	-17	-40
5	-31	-32
7	-19	-40
4	-25	-37
1	-28	-35
5	-7	-44
21	-22	-33
18	-27	-31
14	-27	-33
13	-18	-39
5	-30	-33
9	-13	-42
3	-22	-39
5	-15	-42
3	-18	-41
12	-24	-36
4	-20	-40
4	-8	-44
20	-23	-33
19	-19	-36
8	-27	-35
9	-16	-41
3	-28	-35
5	-12	-43
0	-13	-43
1	-9	-44
18	-20	-36
0	-24	-38
0	-16	-42
17	-17	-38
13	-22	-37
11	-26	-35
10	-31	-31
7	-23	-38
5	-29	-34
2	-13	-43
18	-26	-32
16	-18	-38
10	-30	-32
10	-18	-40
8	-14	-42
2	-24	-38
2	-16	-42
19	-24	-33
17	-21	-36
15	-24	-35
12	-19	-39
9	-24	-37
8	-21	-39
1	-27	-36
3	-9	-44
0	-1	-45
26	-26	-26
14	-26	-34
10	-22	-38
25	-26	-27
17	-29	-30
13	-30	-31
15	-19	-38
10	-29	-33
6	-25	-37
5	-22	-39
5	-18	-41
9	-10	-43
1	-2	-45
25	-25	-28
24	-27	-27
17	-28	-31
13	-29	-32
7	-31	-32
5	-28	-35
8	-17	-41
3	-27	-36
8	-11	-43
4	-13	-43
7	-7	-44
0	-3	-45
24	-26	-28
16	-22	-36
8	-26	-36
6	-20	-40
4	-24	-38
4	-16	-42
6	-8	-44
0	-10	-44
21	-21	-34
18	-25	-33
7	-30	-33
7	-15	-42
2	-3	-45
20	-22	-34
14	-20	-38
10	-28	-34
2	-10	-44
24	-25	-29
23	-27	-28
17	-27	-32
13	-28	-33
12	-23	-37
11	-25	-36
11	-20	-39
9	-19	-40
7	-12	-43
1	-21	-40
0	-19	-41
5	-9	-44
1	-4	-45
23	-26	-29
19	-23	-34
14	-25	-35
7	-29	-34
13	-14	-41
1	-26	-37
2	-19	-41
1	-14	-43
0	-32	-32
15	-23	-36
15	-15	-40
12	-15	-41
5	-27	-36
3	-21	-40
0	-31	-33
0	-23	-39
3	-4	-45
0	-5	-45
24	-24	-30
22	-28	-28
14	-16	-40
12	-12	-42
2	-32	-32
4	-10	-44
23	-25	-30
22	-27	-29
17	-26	-33
18	-19	-37
13	-27	-34
13	-21	-38
10	-27	-35
9	-23	-38
7	-22	-39
11	-13	-42
7	-18	-41
3	-26	-37
2	-31	-33
2	-23	-39
6	-13	-43
3	-14	-43
1	-17	-42
2	-5	-45
18	-24	-34
16	-30	-30
6	-24	-38
6	-16	-42
0	-30	-34
16	-29	-31
17	-20	-37
13	-17	-40
8	-25	-37
7	-28	-35
11	-16	-41
4	-19	-41
1	-11	-44
22	-26	-30
10	-14	-42
2	-30	-34
10	-21	-39
3	-17	-42
1	-6	-45
16	-28	-32
8	-20	-40
4	-32	-32
8	-8	-44
23	-24	-31
21	-28	-29
20	-21	-35
16	-21	-37
12	-31	-31
16	-17	-39
11	-24	-37
9	-31	-32
4	-31	-33
5	-21	-40
4	-23	-39
0	-29	-35
7	-9	-44
3	-11	-44
4	-5	-45
14	-24	-36
12	-30	-32
12	-18	-40
22	-25	-31
21	-27	-30
19	-22	-35
17	-25	-34
13	-26	-35
15	-18	-39
9	-30	-33
10	-17	-41
5	-26	-37
9	-15	-42
2	-29	-35
10	-11	-43
1	-25	-38
5	-14	-43
3	-6	-45
12	-22	-38
10	-26	-36
4	-30	-34
6	-10	-44
16	-27	-33
12	-29	-33
7	-27	-36
9	-12	-43
0	-15	-43
0	-7	-45
21	-26	-31
18	-23	-35
15	-22	-37
14	-19	-39
9	-29	-34
6	-19	-41
3	-25	-38
5	-17	-42
2	-15	-43
2	-7	-45
0	-28	-36
0	-12	-44
23	-23	-32
20	-29	-29
11	-19	-40
4	-29	-35
8	-13	-43
1	-20	-41
5	-11	-44
22	-24	-32
20	-28	-30
12	-28	-34
8	-24	-38
6	-32	-32
8	-16	-42
2	-28	-36
0	-22	-40
2	-12	-44
15	-30	-31
9	-22	-39
6	-31	-33
9	-18	-41
6	-23	-39
5	-6	-45
16	-26	-34
2	-22	-40
0	-18	-42
21	-25	-32
20	-27	-31
17	-24	-35
15	-29	-32
13	-25	-36
13	-20	-39
9	-28	-35
7	-21	-40
3	-20	-41
4	-15	-43
4	-7	-45
1	-8	-45
18	-18	-38
6	-30	-34
2	-18	-42
17	-19	-38
14	-23	-37
11	-23	-38
10	-25	-37
7	-26	-37
5	-25	-38
7	-14	-43
20	-20	-36
4	-28	-36
4	-12	-44
19	-21	-36
15	-28	-33
12	-27	-35
1	-24	-39
0	-27	-37
9	-9	-44
3	-8	-45
20	-26	-32
16	-20	-38
10	-20	-40
4	-22	-40
8	-10	-44
22	-23	-33
19	-29	-30
14	-15	-41
6	-29	-35
13	-13	-42
7	-17	-42
2	-27	-37
18	-22	-36
12	-14	-42
4	-18	-42
21	-24	-33
19	-28	-31
16	-25	-35
11	-31	-32
12	-21	-39
9	-27	-36
13	-16	-41
8	-19	-41
5	-20	-41
3	-24	-39
7	-11	-44
1	-16	-43
1	-13	-44
0	-9	-45
15	-27	-34
15	-21	-38
11	-30	-33
11	-15	-42
6	-15	-43
6	-7	-45
2	-9	-45
16	-16	-40
8	-32	-32
20	-25	-33
19	-27	-32
17	-23	-36
13	-24	-37
15	-17	-40
8	-31	-33
12	-17	-41
8	-23	-39
4	-27	-37
11	-12	-43
1	-32	-33
3	-16	-43
3	-13	-44
5	-8	-45
12	-26	-36
6	-28	-36
6	-12	-44
0	0	-46
14	-31	-31
11	-29	-34
7	-25	-38
10	-13	-43
1	-31	-34
1	-1	-46
14	-30	-32
14	-18	-40
10	-24	-38
8	-30	-34
10	-16	-42
6	-22	-40
0	-26	-38
0	-2	-46
9	-21	-40
5	-24	-39
3	-32	-33
0	-21	-41
4	-9	-45
22	-22	-34
18	-30	-30
14	-22	-38
6	-18	-42
2	-26	-38
2	-2	-46
21	-23	-34
19	-26	-33
18	-29	-31
15	-26	-35
14	-29	-33
11	-22	-39
9	-26	-37
11	-18	-41
3	-31	-34
9	-14	-43
1	-30	-35
2	-21	-41
1	-19	-42
1	-10	-45
1	-3	-46
16	-24	-36
19	-20	-37
11	-28	-35
13	-19	-40
8	-29	-35
7	-20	-41
5	-16	-43
1	-23	-40
5	-13	-44
20	-24	-34
18	-28	-32
0	-14	-44
0	-4	-46
26	-27	-27
18	-21	-37
17	-18	-39
6	-27	-37
9	-17	-42
3	-30	-35
3	-19	-42
3	-10	-45
3	-3	-46
26	-26	-28
14	-28	-34
4	-26	-38
10	-10	-44
2	-14	-44
2	-4	-46
25	-27	-28
16	-19	-39
12	-25	-37
5	-32	-33
8	-15	-43
4	-21	-41
3	-23	-40
1	-29	-36
9	-11	-44
7	-8	-45
0	-17	-43
25	-26	-29
19	-25	-34
18	-27	-33
17	-22	-37
13	-23	-38
10	-19	-41
5	-31	-34
2	-17	-43
6	-9	-45
1	-5	-46
24	-28	-28
12	-20	-40
8	-28	-36
8	-12	-44
24	-27	-29
15	-25	-36
15	-20	-39
11	-27	-36
7	-24	-39
3	-29	-36
0	-25	-39
0	-11	-45
10	-32	-32
8	-22	-40
4	-14	-44
4	-4	-46
25	-25	-30
21	-22	-35
17	-30	-31
14	-27	-35
10	-31	-33
10	-23	-39
9	-25	-38
5	-30	-35
5	-19	-42
2	-25	-39
5	-10	-45
2	-11	-45
3	-5	-46
24	-26	-30
8	-18	-42
0	-6	-46
23	-28	-29
20	-23	-35
17	-29	-32
16	-23	-37
13	-31	-32
5	-23	-40
7	-16	-43
1	-28	-37
7	-13	-44
4	-17	-43
18	-26	-34
10	-30	-34
14	-14	-42
6	-26	-38
2	-6	-46
23	-27	-30
13	-30	-33
14	-21	-39
13	-15	-42
6	-21	-41
24	-25	-31
19	-24	-35
17	-28	-33
15	-16	-41
11	-21	-40
8	-27	-37
7	-32	-33
9	-20	-41
5	-29	-36
12	-13	-43
4	-25	-39
3	-28	-37
4	-11	-45
1	-15	-44
12	-24	-38
12	-16	-42
0	-20	-42
23	-26	-31
22	-29	-29
19	-19	-38
13	-29	-34
11	-26	-37
10	-29	-35
14	-17	-41
7	-31	-34
11	-14	-43
1	-22	-41
5	-5	-46
1	-7	-46
22	-28	-30
18	-20	-38
14	-26	-36
6	-14	-44
2	-20	-42
4	-6	-46
15	-24	-37
8	-9	-45
3	-15	-44
1	-12	-45
22	-27	-31
18	-25	-35
17	-27	-34
17	-21	-38
13	-22	-39
13	-18	-41
7	-30	-35
11	-17	-42
10	-15	-43
7	-19	-42
6	-17	-43
3	-22	-41
1	-27	-38
7	-10	-45
1	-18	-43
3	-7	-46
24	-24	-32
0	-24	-40
23	-25	-32
21	-21	-36
16	-31	-31
13	-28	-35
17	-17	-40
9	-24	-39
7	-23	-40
5	-28	-37
11	-11	-44
0	-33	-33
3	-12	-45
20	-22	-36
16	-30	-32
16	-18	-40
10	-28	-36
10	-12	-44
4	-20	-42
2	-24	-40
0	-32	-34
0	-8	-46
21	-29	-30
6	-25	-39
3	-27	-38
2	-33	-33
3	-18	-43
6	-11	-45
22	-26	-32
16	-22	-38
10	-22	-40
8	-26	-38
2	-32	-34
2	-8	-46
21	-28	-31
19	-23	-36
16	-29	-33
15	-19	-40
12	-19	-41
7	-29	-36
8	-21	-41
9	-16	-43
9	-13	-44
0	-31	-35
5	-15	-44
10	-18	-42
6	-6	-46
17	-26	-35
14	-25	-37
11	-25	-38
5	-22	-41
2	-31	-35
5	-7	-46
12	-32	-32
4	-24	-40
0	-16	-44
23	-24	-33
21	-27	-32
13	-27	-36
12	-31	-33
12	-23	-39
9	-32	-33
4	-33	-33
5	-12	-45
0	-13	-45
18	-24	-36
16	-28	-34
14	-20	-40
4	-32	-34
8	-14	-44
0	-30	-36
2	-16	-44
4	-8	-46
22	-25	-33
15	-23	-38
10	-27	-37
9	-31	-34
5	-27	-38
5	-18	-43
1	-26	-39
2	-13	-45
1	-9	-46
20	-30	-30
12	-30	-34
6	-20	-42
2	-30	-36
20	-29	-31
11	-20	-41
7	-28	-37
4	-31	-35
8	-17	-43
21	-26	-33
18	-19	-39
9	-30	-35
9	-19	-42
3	-26	-39
9	-10	-45
1	-21	-42
3	-9	-46
20	-28	-32
4	-16	-44
20	-21	-37
17	-25	-36
16	-27	-35
15	-31	-32
17	-20	-39
12	-29	-35
13	-21	-40
9	-23	-40
8	-25	-39
7	-15	-44
0	-29	-37
8	-11	-45
0	-23	-41
4	-13	-45
0	-19	-43
0	-1	-47
6	-24	-40
4	-30	-36
23	-23	-34
19	-22	-37
15	-30	-33
13	-26	-37
15	-15	-42
6	-33	-33
13	-14	-43
7	-22	-41
2	-29	-37
3	-21	-42
2	-23	-41
2	-19	-43
7	-7	-46
1	-2	-47
22	-24	-34
14	-24	-38
14	-16	-42
6	-32	-34
6	-8	-46
0	-10	-46
20	-27	-33
16	-21	-39
11	-24	-39
9	-29	-36
12	-15	-43
7	-12	-45
0	-3	-47
10	-26	-38
2	-10	-46
21	-25	-34
19	-30	-31
18	-23	-37
15	-29	-34
13	-17	-42
10	-21	-41
7	-27	-38
6	-31	-35
5	-26	-39
7	-18	-43
5	-9	-46
1	-14	-45
2	-3	-47
12	-28	-36
12	-12	-44
19	-29	-32
16	-17	-41
11	-16	-43
4	-29	-37
11	-13	-44
4	-23	-41
4	-19	-43
1	-25	-40
1	-17	-44
1	-4	-47
16	-26	-36
12	-22	-40
8	-20	-42
6	-16	-44
0	-28	-38
15	-22	-39
15	-18	-41
5	-21	-42
6	-13	-45
3	-14	-45
20	-26	-34
12	-18	-42
6	-30	-36
10	-14	-44
2	-28	-38
4	-10	-46
19	-28	-33
17	-24	-37
15	-28	-35
11	-32	-33
9	-28	-37
3	-25	-40
3	-17	-44
3	-4	-47
0	-5	-47
22	-23	-35
13	-25	-38
11	-31	-34
14	-19	-41
10	-17	-43
1	-11	-46
2	-5	-47
8	-24	-40
21	-24	-35
12	-27	-37
8	-33	-33
9	-15	-44
-27	-27	-28
20	-20	-38
14	-32	-32
8	-32	-34
4	-28	-38
8	-8	-46
-26	-28	-28
19	-27	-34
18	-31	-31
19	-21	-38
14	-31	-33
14	-23	-39
11	-30	-35
10	-25	-39
11	-19	-42
9	-22	-41
7	-26	-39
6	-29	-37
6	-23	-41
6	-19	-43
1	-33	-34
10	-11	-45
5	-14	-45
7	-9	-46
3	-11	-46
1	-6	-47
-26	-27	-29
18	-30	-32
18	-18	-40
0	-22	-42
20	-25	-35
16	-25	-37
15	-27	-36
17	-19	-40
13	-20	-41
11	-23	-40
8	-31	-35
5	-25	-40
1	-32	-35
9	-12	-45
5	-17	-44
0	-27	-39
1	-20	-43
0	-15	-45
4	-5	-47
-25	-28	-29
18	-22	-38
14	-30	-34
2	-22	-42
6	-10	-46
-26	-26	-30
18	-29	-33
9	-27	-38
9	-18	-43
7	-21	-42
3	-33	-34
2	-27	-39
2	-15	-45
3	-6	-47
-25	-27	-30
16	-20	-40
8	-16	-44
11	-29	-36
3	-32	-35
1	-31	-36
8	-13	-45
3	-20	-43
1	-24	-41
0	-7	-47
-24	-29	-29
8	-30	-36
0	-18	-44
0	-12	-46
-24	-28	-30
19	-26	-35
17	-23	-38
14	-29	-35
5	-11	-46
2	-7	-47
-25	-26	-31
22	-22	-36
18	-28	-34
12	-26	-38
10	-20	-42
6	-28	-38
4	-22	-42
2	-18	-44
2	-12	-46
21	-23	-36
15	-21	-40
13	-24	-39
12	-21	-41
4	-27	-39
3	-31	-36
3	-24	-41
4	-15	-45
-24	-27	-31
15	-26	-37
14	-15	-43
5	-33	-34
1	-30	-37
7	-14	-45
5	-6	-47
-23	-29	-30
20	-24	-36
17	-31	-32
11	-28	-37
8	-29	-37
13	-16	-43
8	-23	-41
7	-25	-40
5	-32	-35
13	-13	-44
8	-19	-43
7	-17	-44
5	-20	-43
4	-7	-47
1	-8	-47
-23	-28	-31
-25	-25	-32
16	-24	-38
14	-28	-36
16	-16	-42
10	-24	-40
12	-14	-44
4	-18	-44
0	-26	-40
4	-12	-46
-24	-26	-32
18	-27	-35
17	-30	-33
10	-33	-33
15	-17	-42
9	-26	-39
3	-30	-37
9	-9	-46
14	-22	-40
10	-32	-34
2	-26	-40
8	-10	-46
19	-25	-36
19	-20	-39
13	-32	-33
12	-17	-43
5	-31	-36
11	-15	-44
5	-24	-41
1	-16	-45
3	-8	-47
-23	-27	-32
14	-18	-42
6	-22	-42
-22	-30	-30
17	-29	-34
18	-21	-39
13	-31	-34
10	-31	-35
11	-22	-41
9	-21	-42
6	-27	-39
1	-29	-38
6	-15	-45
7	-11	-46
1	-13	-46
-22	-29	-31
12	-25	-39
11	-12	-45
3	-16	-45
0	-21	-43
0	-9	-47
-24	-25	-33
8	-28	-38
10	-16	-44
4	-26	-40
-22	-28	-32
21	-22	-37
17	-22	-39
15	-25	-38
14	-27	-37
13	-30	-35
17	-18	-41
11	-27	-38
13	-19	-42
7	-33	-34
11	-18	-43
5	-30	-37
3	-29	-38
10	-13	-45
2	-21	-43
1	-23	-42
3	-13	-46
6	-7	-47
2	-9	-47
-23	-26	-33
18	-26	-36
10	-30	-36
6	-18	-44
6	-12	-46
20	-23	-37
17	-28	-35
16	-19	-41
13	-23	-40
7	-32	-35
7	-20	-43
1	-19	-44
5	-8	-47
9	-14	-45
3	-23	-42
-21	-30	-31
-22	-27	-33
16	-32	-32
0	0	-48
19	-24	-37
16	-31	-33
16	-23	-39
13	-29	-36
15	-20	-41
9	-25	-40
7	-31	-36
7	-24	-41
9	-17	-44
4	-21	-43
1	-28	-39
5	-16	-45
3	-19	-44
0	-25	-41
4	-9	-47
1	-1	-48
-21	-29	-32
12	-20	-42
0	-2	-48
-24	-24	-34
10	-29	-37
10	-23	-41
10	-19	-43
5	-29	-38
2	-25	-41
5	-13	-46
1	-10	-47
-23	-25	-34
16	-30	-34
8	-22	-42
6	-26	-40
0	-34	-34
0	-14	-46
2	-2	-48
17	-27	-36
8	-27	-39
3	-28	-39
8	-15	-45
0	-33	-35
0	-17	-45
1	-3	-48
-21	-28	-33
14	-26	-38
2	-34	-34
10	-10	-46
2	-14	-46
-22	-26	-34
18	-25	-37
14	-21	-41
11	-26	-39
7	-30	-37
5	-23	-42
2	-33	-35
9	-11	-46
2	-17	-45
3	-10	-47
12	-24	-40
0	-32	-36
0	-4	-48
16	-29	-35
19	-19	-40
15	-24	-39
13	-28	-37
12	-33	-33
4	-25	-41
5	-19	-44
7	-8	-47
3	-3	-48
-20	-31	-31
18	-20	-40
12	-32	-34
8	-18	-44
2	-32	-36
8	-12	-46
2	-4	-48
-20	-30	-32
21	-21	-38
9	-33	-34
11	-21	-42
6	-21	-43
6	-9	-47
-21	-27	-34
20	-22	-38
10	-28	-38
14	-14	-44
4	-34	-34
4	-14	-46
17	-21	-40
12	-31	-35
9	-32	-35
15	-16	-43
13	-15	-44
9	-20	-43
5	-28	-39
4	-33	-35
7	-16	-45
1	-27	-40
0	-31	-37
4	-17	-45
0	-11	-47
1	-5	-48
-20	-29	-33
-23	-24	-35
19	-23	-38
17	-26	-37
13	-22	-41
14	-17	-43
7	-29	-38
2	-31	-37
7	-13	-46
1	-22	-43
5	-10	-47
2	-11	-47
-22	-25	-35
16	-28	-36
12	-16	-44
4	-32	-36
0	-20	-44
4	-4	-48
15	-32	-33
9	-31	-36
9	-24	-41
12	-13	-45
3	-27	-40
3	-5	-48
16	-22	-40
12	-30	-36
8	-26	-40
2	-20	-44
0	-24	-42
0	-6	-48
-20	-28	-34
15	-31	-34
14	-25	-39
13	-27	-38
17	-17	-42
13	-18	-43
7	-23	-42
6	-25	-41
11	-14	-45
3	-22	-43
1	-15	-46
-21	-26	-35
18	-24	-38
16	-18	-42
2	-24	-42
0	-30	-38
2	-6	-48
11	-25	-40
11	-17	-44
4	-31	-37
7	-19	-44
4	-11	-47
-19	-31	-32
10	-22	-42
6	-34	-34
2	-30	-38
6	-14	-46
15	-30	-35
15	-19	-42
10	-27	-39
9	-30	-37
6	-33	-35
10	-15	-45
6	-17	-45
3	-15	-46
1	-18	-45
-19	-30	-33
4	-20	-44
-28	-28	-28
16	-27	-37
15	-23	-40
12	-29	-37
12	-23	-41
12	-19	-43
7	-28	-39
8	-21	-43
5	-27	-40
8	-9	-47
1	-12	-47
5	-5	-48
1	-7	-48
-20	-27	-35
-23	-23	-36
-27	-28	-29
6	-32	-36
4	-24	-42
4	-6	-48
-22	-24	-36
17	-25	-38
5	-22	-43
11	-11	-46
1	-26	-41
3	-18	-45
7	-10	-47
-19	-29	-34
-26	-29	-29
-27	-27	-30
14	-20	-42
10	-18	-44
4	-30	-38
10	-12	-46
-26	-28	-30
20	-21	-39
15	-29	-36
9	-16	-45
0	-29	-39
3	-12	-47
3	-7	-48
-21	-25	-36
19	-22	-39
18	-19	-41
13	-26	-39
11	-33	-34
9	-29	-38
6	-31	-37
3	-26	-41
2	-29	-39
9	-13	-46
5	-15	-46
6	-11	-47
-25	-29	-30
-26	-27	-31
0	-8	-48
17	-20	-41
11	-32	-35
11	-20	-43
8	-25	-41
-19	-28	-35
-25	-28	-31
14	-24	-40
12	-28	-38
6	-20	-44
0	-16	-46
2	-8	-48
-18	-32	-32
-20	-26	-36
18	-23	-39
14	-33	-33
13	-21	-42
9	-23	-42
5	-18	-45
-18	-31	-33
16	-26	-38
14	-32	-34
10	-26	-40
8	-34	-34
6	-24	-42
8	-14	-46
2	-16	-46
6	-6	-48
-24	-30	-30
-26	-26	-32
15	-28	-37
16	-21	-41
11	-31	-36
11	-24	-41
8	-33	-35
7	-27	-40
9	-19	-44
4	-29	-39
8	-17	-45
1	-21	-44
0	-23	-43
5	-12	-47
5	-7	-48
0	-13	-47
-24	-29	-31
-25	-27	-32
6	-30	-38
-18	-30	-34
14	-31	-35
7	-22	-43
5	-26	-41
1	-34	-35
2	-23	-43
2	-13	-47
-22	-23	-37
8	-32	-36
0	-28	-40
4	-8	-48
-24	-28	-32
17	-24	-39
9	-28	-39
15	-15	-44
1	-33	-36
3	-21	-44
0	-19	-45
1	-9	-48
-19	-27	-36
-21	-24	-37
14	-16	-44
2	-28	-40
4	-16	-46
15	-22	-41
11	-30	-37
10	-21	-43
13	-14	-45
3	-34	-35
7	-15	-46
1	-25	-42
9	-10	-47
2	-19	-45
-18	-29	-35
-23	-30	-31
-25	-26	-33
14	-30	-36
12	-22	-42
13	-25	-40
12	-27	-39
16	-17	-43
8	-31	-37
13	-17	-44
12	-15	-45
3	-33	-36
4	-23	-43
1	-32	-37
8	-11	-47
4	-13	-47
3	-9	-48
-20	-25	-37
-23	-29	-32
-24	-27	-33
15	-27	-38
15	-18	-43
6	-29	-39
7	-18	-45
3	-25	-42
20	-20	-40
8	-20	-44
4	-28	-40
19	-21	-40
16	-25	-39
11	-16	-45
3	-32	-37
5	-21	-44
4	-19	-45
7	-12	-47
7	-7	-48
0	-1	-49
-17	-32	-33
-23	-28	-33
12	-18	-44
8	-24	-42
12	-12	-46
6	-8	-48
0	-10	-48
-18	-28	-36
14	-29	-37
14	-23	-41
11	-29	-38
14	-19	-43
10	-25	-41
7	-26	-41
5	-34	-35
11	-13	-46
1	-31	-38
1	-17	-46
1	-14	-47
1	-2	-49
-17	-31	-34
-19	-26	-37
-22	-31	-31
-25	-25	-34
18	-22	-40
8	-30	-38
6	-16	-46
2	-10	-48
-22	-30	-32
-24	-26	-34
9	-27	-40
5	-33	-36
0	-27	-41
5	-9	-48
0	-3	-49
18	-18	-42
10	-34	-34
10	-14	-46
-22	-22	-38
13	-33	-34
17	-19	-42
10	-33	-35
11	-23	-42
9	-22	-43
10	-17	-45
6	-23	-43
5	-25	-42
3	-31	-38
2	-27	-41
6	-13	-47
3	-17	-46
3	-14	-47
2	-3	-49
-17	-30	-35
-21	-23	-38
-22	-29	-33
-23	-27	-34
17	-23	-40
13	-32	-35
13	-20	-43
11	-19	-44
5	-32	-37
1	-4	-49
16	-20	-42
12	-26	-40
10	-32	-36
6	-28	-40
0	-22	-44
4	-10	-48
-20	-24	-38
15	-26	-39
9	-15	-46
6	-19	-45
1	-30	-39
-18	-27	-37
14	-28	-38
2	-22	-44
-22	-28	-34
13	-31	-36
13	-24	-41
11	-28	-39
8	-29	-39
7	-21	-44
4	-27	-41
1	-24	-43
1	-20	-45
1	-11	-48
3	-4	-49
0	-5	-49
-17	-29	-36
-21	-31	-32
-24	-25	-35
15	-21	-42
10	-31	-37
7	-34	-35
5	-31	-38
9	-18	-45
3	-30	-39
10	-11	-47
5	-17	-46
5	-14	-47
2	-5	-49
-19	-25	-38
-21	-30	-33
-23	-26	-35
16	-24	-40
8	-8	-48
12	-21	-43
7	-33	-36
3	-24	-43
9	-12	-47
3	-20	-45
7	-9	-48
3	-11	-48
0	-15	-47
-16	-33	-33
10	-20	-44
8	-16	-46
4	-22	-44
-16	-32	-34
13	-30	-37
9	-26	-41
7	-25	-42
2	-15	-47
1	-6	-49
-21	-29	-34
-22	-27	-35
10	-24	-42
0	-26	-42
6	-10	-48
0	-18	-46
19	-20	-41
7	-32	-37
8	-23	-43
1	-29	-40
8	-13	-47
4	-5	-49
-16	-31	-35
-17	-28	-37
14	-22	-42
10	-30	-38
2	-26	-42
2	-18	-46
-18	-26	-38
18	-21	-41
14	-27	-39
14	-15	-45
6	-27	-41
5	-30	-39
3	-6	-49
-21	-22	-39
16	-16	-44
8	-28	-40
0	-12	-48
-20	-32	-32
-24	-24	-36
15	-25	-40
12	-25	-41
11	-27	-40
15	-17	-44
13	-16	-45
8	-19	-45
5	-24	-43
3	-29	-40
5	-20	-45
0	-35	-35
4	-15	-47
5	-11	-48
0	-7	-49
-20	-31	-33
-20	-23	-39
-21	-28	-35
-23	-25	-36
0	-34	-36
2	-12	-48
-16	-30	-36
17	-22	-41
13	-29	-38
11	-22	-43
7	-31	-38
13	-13	-46
2	-35	-35
7	-17	-46
7	-14	-47
2	-7	-49
12	-34	-34
14	-18	-44
12	-14	-46
6	-22	-44
4	-26	-42
2	-34	-36
4	-18	-46
-20	-30	-34
-22	-26	-36
12	-33	-35
12	-17	-45
9	-21	-44
0	-33	-37
-19	-24	-39
17	-18	-43
13	-23	-42
10	-29	-39
9	-34	-35
11	-15	-46
2	-33	-37
5	-6	-49
-17	-27	-38
12	-32	-36
4	-12	-48
16	-23	-41
16	-19	-43
9	-33	-36
13	-19	-44
5	-29	-40
4	-35	-35
1	-28	-41
1	-23	-44
9	-9	-48
0	-21	-45
1	-16	-47
4	-7	-49
1	-8	-49
-16	-29	-37
-20	-29	-35
-21	-27	-36
-28	-29	-29
4	-34	-36
0	-32	-38
8	-10	-48
-28	-28	-30
9	-25	-42
7	-30	-39
11	-18	-45
6	-15	-47
2	-21	-45
-15	-33	-34
-18	-25	-39
-27	-29	-30
14	-26	-40
10	-16	-46
2	-32	-38
13	-28	-39
12	-31	-37
15	-20	-43
9	-32	-37
8	-27	-41
7	-24	-43
4	-33	-37
7	-20	-45
3	-28	-41
11	-12	-47
3	-23	-44
0	-25	-43
7	-11	-48
3	-16	-47
1	-13	-48
3	-8	-49
-15	-32	-35
-19	-32	-33
-23	-24	-37
-27	-28	-31
6	-26	-42
6	-18	-46
-26	-30	-30
11	-26	-41
10	-23	-43
10	-13	-47
2	-25	-43
1	-19	-46
-19	-31	-34
-22	-25	-37
-26	-29	-31
12	-20	-44
-20	-28	-36
15	-24	-41
4	-21	-45
0	-31	-39
3	-13	-48
0	-9	-49
-15	-31	-36
-21	-21	-40
-27	-27	-32
12	-24	-42
10	-28	-40
8	-22	-44
4	-32	-38
6	-12	-48
-16	-28	-38
-20	-22	-40
-26	-28	-32
19	-19	-42
14	-21	-43
9	-31	-38
6	-35	-35
10	-19	-45
9	-17	-46
2	-31	-39
9	-14	-47
3	-19	-46
6	-7	-49
2	-9	-49
-17	-26	-39
-19	-30	-35
-21	-26	-37
-25	-30	-31
18	-20	-42
12	-30	-38
6	-34	-36
7	-29	-40
5	-28	-41
5	-23	-44
4	-25	-43
5	-16	-47
5	-8	-49
-19	-23	-40
-25	-29	-32
17	-21	-42
6	-33	-37
1	-27	-42
-15	-30	-37
-26	-27	-33
13	-27	-40
11	-21	-44
4	-31	-39
8	-15	-47
5	-13	-48
0	-17	-47
4	-9	-49
-19	-29	-36
-20	-27	-37
-24	-31	-31
-25	-28	-33
0	-30	-40
0	-14	-48
0	0	-50
-18	-24	-40
-24	-30	-32
14	-25	-41
11	-34	-35
13	-22	-43
9	-30	-39
6	-21	-45
3	-27	-42
5	-19	-46
2	-17	-47
1	-10	-49
1	-1	-50
-18	-33	-33
-23	-23	-38
16	-22	-42
8	-26	-42
6	-32	-38
8	-18	-46
2	-30	-40
10	-10	-48
2	-14	-48
0	-2	-50
-18	-32	-34
-22	-24	-38
12	-29	-39
11	-33	-36
15	-16	-45
9	-24	-43
9	-20	-45
9	-11	-48
-16	-27	-39
-24	-29	-33
14	-14	-46
2	-2	-50
-14	-34	-34
-26	-26	-34
11	-25	-42
10	-27	-41
14	-17	-45
13	-15	-46
6	-25	-43
1	-22	-45
3	-10	-49
1	-3	-50
-14	-33	-35
-15	-29	-38
-18	-31	-35
-21	-25	-38
-25	-27	-34
8	-12	-48
0	-24	-44
11	-32	-37
17	-17	-44
8	-35	-35
7	-28	-41
7	-23	-44
7	-16	-47
4	-17	-47
7	-8	-49
-17	-25	-40
-19	-28	-37
-23	-31	-32
16	-18	-44
8	-34	-36
12	-16	-46
4	-30	-40
2	-24	-44
4	-14	-48
0	-20	-46
0	-4	-50
-14	-32	-36
-24	-28	-34
15	-23	-42
13	-18	-45
6	-31	-39
5	-27	-42
3	-22	-45
6	-9	-49
3	-3	-50
-23	-30	-33
10	-22	-44
2	-20	-46
2	-4	-50
-18	-30	-36
-20	-26	-38
15	-19	-44
12	-23	-43
9	-29	-40
8	-33	-37
12	-13	-47
1	-35	-36
0	-29	-41
7	-13	-48
0	-11	-49
-20	-21	-41
13	-26	-41
11	-31	-38
11	-17	-46
11	-14	-47
7	-19	-46
2	-29	-41
1	-34	-37
1	-26	-43
5	-10	-49
2	-11	-49
1	-5	-50
-14	-31	-37
-19	-22	-41
-23	-29	-34
-25	-26	-35
12	-28	-40
4	-24	-44
12	-19	-45
8	-21	-45
3	-35	-36
1	-15	-48
-15	-28	-39
-24	-27	-35
14	-20	-44
8	-32	-38
4	-20	-46
4	-4	-50
-16	-26	-40
-22	-32	-32
18	-19	-43
3	-34	-37
10	-15	-47
5	-22	-45
3	-26	-43
1	-33	-38
6	-17	-47
1	-18	-47
3	-5	-50
-17	-33	-34
-18	-29	-37
-18	-23	-41
-19	-27	-38
-22	-31	-33
-22	-23	-39
14	-24	-42
6	-30	-40
6	-14	-48
0	-6	-50
17	-20	-43
8	-25	-43
4	-29	-41
3	-15	-48
4	-11	-49
-17	-32	-35
-21	-24	-39
-23	-28	-35
10	-26	-42
10	-18	-46
2	-6	-50
-14	-30	-38
-22	-30	-34
11	-30	-39
7	-27	-42
3	-33	-38
3	-18	-47
16	-21	-43
13	-21	-44
11	-24	-43
9	-28	-41
8	-31	-39
11	-20	-45
9	-23	-44
5	-35	-36
9	-16	-47
1	-32	-39
11	-11	-48
8	-9	-49
1	-12	-49
-17	-31	-36
-17	-24	-41
-20	-25	-39
-25	-25	-36
6	-24	-44
10	-12	-48
0	-28	-42
-24	-26	-36
10	-35	-35
5	-34	-37
5	-26	-43
7	-10	-49
5	-5	-50
1	-7	-50
-13	-34	-35
-22	-29	-35
10	-34	-36
6	-20	-46
2	-28	-42
4	-6	-50
-18	-28	-38
12	-27	-41
3	-32	-39
9	-13	-48
5	-15	-48
0	-23	-45
3	-12	-49
-13	-33	-36
-15	-27	-40
-21	-32	-33
-23	-27	-36
15	-22	-43
13	-25	-42
10	-33	-37
6	-29	-41
5	-33	-38
9	-19	-46
7	-22	-45
5	-18	-47
2	-23	-45
1	-21	-46
6	-11	-49
3	-7	-50
-14	-29	-39
-17	-30	-37
-19	-26	-39
-21	-31	-34
0	-16	-48
11	-29	-40
8	-17	-47
1	-31	-40
1	-25	-44
-13	-32	-37
-16	-25	-41
12	-22	-44
8	-30	-40
4	-28	-42
8	-14	-48
2	-16	-48
0	-8	-50
-20	-20	-42
-22	-28	-36
15	-15	-46
10	-21	-45
3	-21	-46
-19	-21	-42
-21	-30	-35
10	-32	-38
14	-16	-46
2	-8	-50
-16	-34	-34
-22	-22	-40
16	-17	-45
7	-35	-36
5	-32	-39
3	-31	-40
4	-23	-45
3	-25	-44
5	-12	-49
0	-19	-47
0	-13	-49
-16	-33	-35
-21	-23	-40
-24	-25	-37
6	-6	-50
-18	-22	-42
14	-23	-43
15	-18	-45
10	-25	-43
9	-27	-42
7	-34	-37
13	-17	-46
7	-26	-43
13	-14	-47
2	-19	-47
2	-13	-49
5	-7	-50
-13	-31	-38
-17	-29	-38
-18	-27	-39
-23	-26	-37
8	-24	-44
4	-16	-48
-16	-32	-36
-20	-24	-40
12	-15	-47
7	-15	-48
0	-27	-43
-20	-33	-33
-21	-29	-36
8	-20	-46
4	-8	-50
-14	-28	-40
-20	-32	-34
10	-31	-39
14	-19	-45
7	-33	-38
7	-18	-47
5	-21	-46
2	-27	-43
1	-30	-41
9	-10	-49
1	-9	-50
-15	-26	-41
-17	-23	-42
-22	-27	-37
-29	-29	-30
18	-18	-44
12	-26	-42
12	-18	-46
6	-28	-42
-28	-30	-30
17	-19	-44
11	-28	-41
11	-23	-44
8	-29	-41
5	-31	-40
11	-16	-47
5	-25	-44
4	-19	-47
8	-11	-49
4	-13	-49
-16	-31	-37
-19	-25	-40
-20	-31	-35
-28	-29	-31
9	-22	-45
6	-23	-45
3	-30	-41
3	-9	-50
-13	-30	-39
-27	-30	-31
16	-20	-44
12	-12	-48
0	-36	-36
-28	-28	-32
13	-24	-43
13	-20	-45
7	-32	-39
4	-27	-43
11	-13	-48
0	-35	-37
7	-12	-49
1	-17	-48
-12	-35	-35
-17	-28	-39
-21	-28	-37
-27	-29	-32
2	-36	-36
6	-16	-48
-12	-34	-36
-16	-24	-42
-20	-30	-36
-24	-24	-38
11	-19	-46
10	-17	-47
2	-35	-37
7	-7	-50
1	-14	-49
-23	-25	-38
-26	-31	-31
10	-30	-40
10	-14	-48
0	-34	-38
0	-22	-46
6	-8	-50
0	-10	-50
-16	-30	-38
-18	-26	-40
-26	-30	-32
15	-21	-44
9	-35	-36
1	-24	-45
3	-17	-48
-12	-33	-37
0	-1	-51
-27	-28	-33
2	-34	-38
2	-22	-46
2	-10	-50
-22	-26	-38
9	-34	-37
9	-26	-43
5	-30	-41
7	-21	-46
6	-19	-47
1	-29	-42
6	-13	-49
3	-14	-49
5	-9	-50
1	-2	-51
-14	-27	-41
-15	-34	-35
-19	-33	-34
-21	-22	-41
-26	-29	-33
4	-36	-36
12	-21	-45
7	-31	-40
7	-25	-44
4	-35	-37
9	-15	-48
3	-24	-45
0	-33	-39
1	-20	-47
-13	-29	-40
0	-3	-51
-15	-33	-36
-19	-32	-35
-20	-29	-37
-19	-20	-43
-20	-23	-41
-25	-31	-32
10	-24	-44
8	-28	-42
0	-26	-44
-12	-32	-38
11	-27	-42
9	-33	-38
6	-27	-43
9	-18	-47
3	-29	-42
2	-33	-39
2	-3	-51
-15	-25	-42
-18	-21	-43
-21	-27	-38
-25	-30	-33
-27	-27	-34
14	-22	-44
10	-20	-46
4	-34	-38
4	-22	-46
2	-26	-44
4	-10	-50
-26	-28	-34
12	-25	-43
8	-23	-45
5	-17	-48
3	-20	-47
1	-4	-51
-15	-32	-37
-16	-29	-39
-17	-27	-40
-19	-31	-36
-19	-24	-41
10	-29	-41
10	-11	-49
5	-14	-49
1	-11	-50
-17	-22	-43
-25	-29	-34
8	-16	-48
0	-32	-40
-24	-32	-32
9	-32	-39
4	-33	-39
5	-24	-45
9	-12	-49
0	-15	-49
3	-4	-51
-12	-31	-39
0	-5	-51
-23	-24	-39
-24	-31	-33
16	-16	-46
6	-36	-36
4	-26	-44
2	-32	-40
8	-8	-50
0	-18	-48
-20	-28	-38
15	-17	-46
11	-22	-45
7	-30	-41
6	-35	-37
14	-15	-47
5	-29	-42
7	-9	-50
2	-15	-49
3	-11	-50
2	-5	-51
-15	-31	-38
-18	-25	-41
-19	-30	-37
-22	-25	-39
-26	-27	-35
2	-18	-48
-24	-30	-34
13	-23	-44
13	-16	-47
8	-19	-47
5	-20	-47
1	-28	-43
8	-13	-49
-13	-28	-41
-16	-23	-43
-25	-28	-35
14	-18	-46
6	-34	-38
6	-22	-46
6	-10	-50
-14	-26	-42
-18	-34	-34
17	-18	-45
9	-21	-46
1	-6	-51
-18	-33	-35
-21	-26	-39
4	-32	-40
-16	-28	-40
16	-19	-45
9	-31	-40
9	-25	-44
8	-27	-43
12	-17	-47
13	-13	-48
3	-28	-43
7	-17	-48
0	-31	-41
4	-15	-49
4	-5	-51
-11	-35	-36
-23	-32	-33
-24	-29	-35
12	-14	-48
4	-18	-48
0	-12	-50
-12	-30	-40
-18	-32	-36
11	-26	-43
13	-19	-46
6	-33	-39
2	-31	-41
7	-14	-49
1	-23	-46
5	-11	-50
3	-6	-51
-11	-34	-37
-14	-35	-35
-15	-30	-39
-17	-26	-41
-19	-29	-38
-21	-21	-42
-23	-31	-34
10	-28	-42
6	-26	-44
2	-12	-50
-14	-34	-36
-20	-22	-42
-26	-26	-36
15	-20	-45
7	-24	-45
11	-15	-48
0	-25	-45
0	-21	-47
0	-7	-51
-15	-24	-43
-20	-27	-39
-25	-27	-36
10	-23	-45
7	-29	-42
11	-18	-47
3	-23	-46
2	-25	-45
2	-21	-47
2	-7	-51
-11	-33	-38
-14	-33	-37
-18	-31	-37
-19	-23	-42
-23	-30	-35
12	-24	-44
8	-36	-36
-24	-28	-36
8	-35	-37
5	-28	-43
4	-31	-41
7	-20	-47
1	-16	-49
-19	-19	-44
-23	-23	-40
12	-20	-46
6	-32	-40
10	-16	-48
4	-12	-50
-18	-20	-44
-22	-24	-40
14	-21	-45
9	-30	-41
6	-15	-49
9	-9	-50
5	-6	-51
-13	-27	-42
-22	-33	-33
8	-34	-38
8	-22	-46
6	-18	-48
0	-30	-42
8	-10	-50
-14	-32	-38
-18	-24	-42
-22	-32	-34
4	-25	-45
1	-36	-37
11	-12	-49
4	-21	-47
1	-27	-44
3	-16	-49
1	-19	-48
4	-7	-51
1	-8	-51
-11	-32	-39
-12	-29	-41
-15	-29	-40
-16	-27	-41
-17	-21	-44
-19	-28	-39
-21	-25	-40
-23	-29	-36
2	-30	-42
-18	-30	-38
10	-19	-47
5	-23	-46
1	-35	-38
10	-13	-49
7	-11	-50
1	-13	-50
-14	-25	-43
-17	-34	-35
-22	-31	-35
-25	-26	-37
8	-33	-39
3	-36	-37
9	-17	-48
3	-27	-44
3	-19	-48
3	-8	-51
-17	-33	-36
-24	-27	-37
8	-26	-44
-16	-22	-44
-20	-26	-40
13	-22	-45
10	-27	-43
11	-21	-46
6	-31	-41
3	-35	-38
1	-34	-39
9	-14	-49
3	-13	-50
-14	-31	-39
-17	-25	-42
4	-30	-42
6	-12	-50
-22	-30	-36
11	-25	-44
9	-24	-45
7	-28	-43
5	-16	-49
0	-9	-51
-11	-31	-40
-17	-32	-37
-23	-28	-37
9	-29	-42
6	-25	-45
3	-34	-39
6	-21	-47
6	-7	-51
2	-9	-51
-18	-29	-39
-21	-33	-34
8	-32	-40
15	-16	-47
5	-36	-37
9	-20	-47
5	-27	-44
1	-33	-40
8	-15	-49
5	-19	-48
0	-29	-43
0	-17	-49
5	-8	-51
-13	-35	-36
-15	-28	-41
-15	-23	-44
-19	-27	-40
-21	-32	-35
-20	-21	-43
8	-18	-48
0	-24	-46
-10	-36	-36
-12	-28	-42
17	-17	-46
14	-17	-47
5	-35	-38
7	-23	-46
2	-29	-43
1	-22	-47
5	-13	-50
2	-17	-49
-10	-35	-37
-13	-34	-37
-13	-26	-43
-17	-31	-38
-19	-22	-43
-22	-29	-37
-22	-23	-41
-25	-25	-38
16	-18	-46
14	-14	-48
2	-24	-46
0	-14	-50
-14	-30	-40
-16	-26	-42
-24	-26	-38
12	-23	-45
13	-15	-48
3	-33	-40
4	-9	-51
-21	-31	-36
-21	-24	-41
10	-22	-46
6	-30	-42
10	-10	-50
2	-14	-50
-10	-34	-38
-30	-30	-30
15	-19	-46
13	-18	-47
5	-34	-39
3	-22	-47
1	-26	-45
9	-11	-50
1	-10	-51
-11	-30	-41
-13	-33	-38
-18	-23	-43
-23	-27	-38
-29	-30	-31
12	-16	-48
0	-20	-48
0	0	-52
8	-31	-41
4	-29	-43
1	-32	-41
7	-16	-49
4	-17	-49
1	-1	-52
-16	-35	-35
-20	-25	-41
-28	-31	-31
-29	-29	-32
4	-24	-46
8	-12	-50
2	-20	-48
0	-2	-52
-14	-24	-44
-16	-34	-36
-18	-28	-40
-28	-30	-32
3	-26	-45
3	-10	-51
-10	-33	-39
-17	-30	-39
-18	-19	-45
-21	-30	-37
14	-20	-46
10	-26	-44
4	-14	-50
2	-2	-52
-20	-34	-34
-22	-28	-38
9	-28	-43
7	-36	-37
12	-19	-47
8	-25	-45
7	-27	-44
5	-33	-40
11	-17	-48
8	-21	-47
3	-32	-41
12	-13	-49
7	-19	-48
7	-8	-51
-13	-32	-39
1	-3	-52
-16	-33	-37
-17	-24	-43
-17	-20	-45
-20	-33	-35
-27	-31	-32
-28	-29	-33
7	-35	-38
11	-14	-49
5	-22	-47
7	-13	-50
6	-9	-51
-14	-29	-41
-15	-27	-42
-19	-26	-41
-27	-30	-33
4	-20	-48
0	-28	-44
0	-4	-52
-20	-32	-36
11	-24	-45
0	-11	-51
3	-3	-52
-12	-27	-43
-16	-21	-45
-24	-25	-39
2	-28	-44
-10	-32	-40
2	-4	-52
-16	-32	-38
-26	-32	-32
-28	-28	-34
13	-21	-46
7	-34	-39
9	-23	-46
6	-29	-43
5	-26	-45
10	-15	-49
1	-31	-42
6	-17	-49
1	-18	-49
5	-10	-51
1	-15	-50
2	-11	-51
-11	-29	-42
-21	-29	-38
-23	-26	-39
-26	-31	-33
-27	-29	-34
8	-30	-42
10	-18	-48
6	-24	-46
11	-20	-47
5	-32	-41
1	-5	-52
-13	-31	-40
-13	-25	-44
-16	-25	-43
-17	-29	-40
-20	-31	-37
6	-14	-50
-22	-22	-42
-26	-30	-34
3	-31	-42
3	-18	-49
3	-15	-50
-15	-22	-45
-18	-27	-41
-21	-23	-42
-22	-27	-39
4	-28	-44
4	-4	-52
-12	-36	-36
-20	-20	-44
7	-33	-40
9	-16	-49
0	-37	-37
0	-23	-47
4	-11	-51
3	-5	-52
-12	-35	-37
-16	-31	-39
-19	-21	-44
-25	-32	-33
-27	-28	-35
6	-20	-48
0	-36	-38
0	-6	-52
-20	-24	-42
7	-22	-47
2	-37	-37
11	-11	-50
2	-23	-47
1	-25	-46
-10	-31	-41
-19	-34	-35
-25	-31	-34
-26	-29	-35
12	-22	-46
2	-36	-38
10	-12	-50
2	-6	-52
-12	-34	-38
-14	-28	-42
-18	-22	-44
-20	-30	-38
9	-27	-44
9	-19	-48
0	-35	-39
1	-21	-48
8	-9	-51
1	-12	-51
-9	-36	-37
-15	-35	-36
-19	-33	-36
-21	-28	-39
10	-25	-45
10	-21	-47
7	-26	-45
5	-31	-42
2	-35	-39
3	-25	-46
1	-30	-43
9	-13	-50
5	-18	-49
5	-15	-50
7	-10	-51
-9	-35	-38
-13	-30	-41
-15	-34	-37
-14	-23	-45
-15	-26	-43
-19	-25	-42
-25	-30	-35
-24	-24	-40
16	-17	-47
8	-29	-43
7	-32	-41
15	-15	-48
4	-37	-37
8	-17	-49
4	-23	-47
3	-21	-48
0	-27	-45
3	-12	-51
5	-5	-52
1	-7	-52
-11	-28	-43
-12	-33	-39
-17	-28	-41
-17	-23	-44
-19	-32	-37
-23	-25	-40
-24	-33	-33
-27	-27	-36
14	-16	-48
8	-24	-46
6	-28	-44
4	-36	-38
0	-34	-40
0	-16	-50
4	-6	-52
-12	-26	-44
-16	-30	-40
-24	-32	-34
-26	-28	-36
15	-18	-47
3	-30	-43
2	-27	-45
6	-11	-51
-9	-34	-39
-15	-33	-38
2	-34	-40
8	-14	-50
2	-16	-50
-22	-26	-40
13	-17	-48
4	-35	-39
0	-19	-49
3	-7	-52
-20	-29	-39
-24	-31	-35
-25	-29	-36
-10	-30	-42
-18	-26	-42
-18	-18	-46
14	-19	-47
11	-23	-46
13	-14	-49
5	-25	-46
2	-19	-49
-19	-31	-38
-17	-19	-46
8	-20	-48
0	-8	-52
-12	-32	-40
-16	-24	-44
12	-15	-49
4	-27	-45
5	-21	-48
0	-33	-41
5	-12	-51
0	-13	-51
-9	-33	-40
-13	-24	-45
-15	-32	-39
-21	-27	-40
12	-18	-48
4	-34	-40
4	-16	-50
2	-8	-52
-16	-20	-46
-24	-30	-36
7	-31	-42
6	-37	-37
9	-22	-47
5	-30	-43
6	-23	-47
2	-33	-41
7	-18	-49
7	-15	-50
2	-13	-51
-13	-29	-42
-14	-27	-43
-18	-35	-35
-21	-22	-43
-23	-33	-34
-26	-27	-37
6	-36	-38
6	-6	-52
-18	-34	-36
13	-20	-47
11	-16	-49
1	-29	-44
4	-19	-49
5	-7	-52
-16	-29	-41
-20	-23	-43
-23	-32	-35
-25	-28	-37
9	-26	-45
6	-35	-39
9	-10	-51
-15	-21	-46
-17	-27	-42
-18	-33	-37
-19	-30	-39
8	-28	-44
4	-8	-52
-20	-28	-40
11	-19	-48
4	-33	-41
3	-29	-44
1	-24	-47
8	-11	-51
4	-13	-51
-9	-32	-41
1	-9	-52
-11	-36	-37
-11	-27	-44
-12	-31	-41
-15	-31	-40
-15	-25	-44
-19	-24	-43
-19	-20	-45
-23	-31	-36
-23	-24	-41
-24	-29	-37
12	-12	-50
0	-32	-42
0	-22	-48
-14	-36	-36
7	-25	-46
6	-27	-45
10	-17	-49
11	-13	-50
1	-17	-50
-10	-29	-43
-11	-35	-38
-14	-35	-37
-18	-21	-45
-22	-25	-41
10	-24	-46
6	-34	-40
2	-32	-42
6	-16	-50
2	-22	-48
0	-26	-46
-18	-32	-38
12	-21	-47
7	-21	-48
3	-24	-47
7	-12	-51
3	-9	-52
-12	-25	-45
10	-14	-50
2	-26	-46
-14	-34	-38
-14	-22	-46
-22	-34	-34
-26	-26	-38
7	-30	-43
6	-19	-49
3	-17	-50
1	-14	-51
-11	-34	-39
-17	-22	-45
-18	-25	-43
-21	-26	-41
-22	-33	-35
-23	-30	-37
-25	-27	-38
8	-23	-47
5	-29	-44
1	-20	-49
7	-7	-52
-8	-37	-37
-13	-28	-43
-19	-29	-40
10	-20	-48
4	-32	-42
4	-22	-48
6	-8	-52
-8	-36	-38
0	-10	-52
-16	-28	-42
-22	-32	-36
-24	-28	-38
6	-33	-41
9	-18	-49
9	-15	-50
6	-13	-51
3	-14	-51
-9	-31	-42
-14	-33	-39
-15	-30	-41
-18	-31	-39
4	-26	-46
2	-10	-52
-12	-30	-42
-14	-26	-44
5	-24	-47
1	-28	-45
0	-31	-43
3	-20	-49
5	-9	-52
-8	-35	-39
-11	-33	-40
0	-1	-53
-17	-35	-36
-16	-23	-45
-20	-27	-41
11	-22	-47
2	-31	-43
1	-37	-38
5	-17	-50
1	-2	-53
-13	-23	-46
-17	-34	-37
-17	-26	-43
-22	-31	-37
-23	-29	-38
16	-16	-48
15	-17	-48
8	-27	-45
3	-28	-45
1	-36	-39
0	-3	-53
-21	-21	-44
8	-16	-50
4	-10	-52
-8	-34	-40
-10	-28	-44
-14	-32	-40
-20	-22	-44
9	-25	-46
14	-15	-49
3	-37	-38
10	-11	-51
5	-14	-51
-11	-26	-45
2	-3	-53
-17	-33	-38
-17	-18	-47
-21	-34	-35
-23	-23	-42
-25	-26	-39
-30	-31	-31
14	-18	-48
6	-32	-42
6	-22	-48
0	-18	-50
-18	-30	-40
-22	-24	-42
-30	-30	-32
7	-29	-44
13	-16	-49
9	-21	-48
4	-31	-43
3	-36	-39
8	-19	-49
1	-35	-40
5	-20	-49
9	-12	-51
0	-15	-51
1	-11	-52
-11	-32	-41
1	-4	-53
-15	-24	-45
-16	-19	-47
-19	-28	-41
-19	-23	-44
-21	-33	-36
-24	-27	-39
-29	-31	-32
6	-26	-46
2	-18	-50
-22	-30	-38
2	-15	-51
-9	-30	-43
-15	-29	-42
-21	-25	-42
-29	-30	-33
8	-8	-52
-28	-32	-32
13	-19	-48
12	-17	-49
7	-24	-47
5	-28	-45
3	-35	-40
8	-13	-51
1	-23	-48
0	-25	-47
7	-9	-52
3	-11	-52
-8	-33	-41
3	-4	-53
-12	-29	-43
-13	-36	-37
0	-5	-53
-13	-27	-44
-16	-27	-43
-17	-32	-39
-15	-20	-47
-21	-32	-37
-23	-28	-39
-28	-31	-33
0	-30	-44
-12	-24	-46
-18	-24	-44
10	-23	-47
5	-37	-38
13	-13	-50
1	-34	-41
7	-17	-50
2	-25	-47
-10	-37	-37
2	-5	-53
-13	-35	-38
-14	-31	-41
-19	-19	-46
-29	-29	-34
12	-14	-50
2	-30	-44
4	-18	-50
6	-10	-52
-10	-36	-38
-18	-20	-46
-20	-26	-42
-28	-30	-34
5	-36	-39
3	-23	-48
4	-15	-51
0	-21	-49
-27	-32	-33
6	-31	-43
11	-18	-49
3	-34	-41
11	-15	-50
1	-27	-46
7	-14	-51
2	-21	-49
-10	-35	-39
-11	-31	-42
1	-6	-53
-13	-34	-39
-14	-25	-45
-14	-21	-47
-18	-29	-41
-17	-21	-46
-21	-31	-38
-22	-29	-39
-27	-31	-34
12	-20	-48
0	-12	-52
-16	-36	-36
5	-35	-40
7	-20	-49
4	-25	-47
5	-11	-52
4	-5	-53
-16	-35	-37
-17	-31	-40
-17	-25	-44
-20	-35	-35
-25	-25	-40
-28	-29	-35
8	-22	-48
4	-30	-44
2	-12	-52
-8	-32	-42
-20	-34	-36
-24	-26	-40
3	-27	-46
1	-33	-42
3	-6	-53
-10	-27	-45
-19	-27	-42
-26	-33	-33
-27	-30	-35
8	-26	-46
10	-16	-50
-10	-34	-40
-16	-34	-38
-16	-22	-46
-26	-32	-34
7	-28	-45
5	-23	-48
4	-21	-49
1	-16	-51
-9	-29	-44
0	-7	-53
-13	-33	-40
-15	-28	-43
-20	-33	-37
-23	-27	-40
6	-18	-50
-14	-30	-42
5	-34	-41
10	-19	-49
3	-33	-42
6	-15	-51
1	-19	-50
-7	-37	-38
2	-7	-53
-11	-25	-46
-13	-22	-47
-21	-30	-39
-22	-23	-43
-26	-31	-35
4	-12	-52
-12	-28	-44
-28	-28	-36
11	-21	-48
9	-24	-47
11	-12	-51
0	-29	-45
9	-9	-52
3	-16	-51
-7	-36	-39
-16	-33	-39
-20	-21	-45
-21	-24	-43
-27	-29	-36
8	-10	-52
-16	-26	-44
-20	-32	-38
-22	-28	-40
6	-25	-47
5	-27	-46
9	-17	-50
2	-29	-45
10	-13	-51
3	-19	-50
5	-6	-53
-10	-33	-41
-11	-30	-43
-13	-26	-45
-15	-23	-46
-17	-30	-41
-19	-22	-45
-25	-33	-34
6	-30	-44
-18	-28	-42
-26	-30	-36
1	-32	-43
7	-11	-52
-7	-35	-40
1	-13	-52
-8	-31	-43
4	-7	-53
1	-8	-53
-13	-32	-41
-20	-25	-43
-25	-32	-35
5	-33	-42
6	-21	-49
9	-14	-51
-18	-23	-45
0	-24	-48
-16	-32	-40
15	-16	-49
9	-20	-49
7	-23	-48
4	-29	-45
3	-32	-43
5	-16	-51
3	-13	-52
3	-8	-53
-12	-37	-37
-12	-23	-47
-19	-35	-36
-20	-31	-39
-17	-17	-48
-21	-29	-40
-24	-25	-41
-25	-31	-36
-27	-28	-37
2	-24	-48
6	-12	-52
-12	-36	-38
-16	-18	-48
14	-17	-49
5	-19	-50
1	-26	-47
1	-22	-49
-7	-34	-41
-14	-29	-43
-19	-34	-37
-19	-26	-43
-23	-26	-41
-26	-29	-37
10	-22	-48
8	-18	-50
0	-38	-38
-10	-32	-42
-14	-24	-46
-24	-34	-34
0	-37	-39
8	-15	-51
0	-17	-51
-9	-28	-45
0	-9	-53
-12	-35	-39
-15	-36	-37
-15	-27	-44
-15	-19	-48
-17	-24	-45
-24	-33	-35
14	-14	-50
2	-38	-38
-10	-26	-46
13	-18	-49
7	-27	-46
13	-15	-50
2	-37	-39
3	-26	-47
3	-22	-49
2	-17	-51
6	-7	-53
-9	-37	-38
2	-9	-53
-13	-31	-42
-15	-35	-38
-17	-29	-42
-19	-33	-38
-18	-19	-47
-22	-27	-41
-25	-30	-37
4	-24	-48
0	-36	-40
-24	-32	-36
8	-25	-47
5	-32	-43
1	-31	-44
5	-13	-52
5	-8	-53
-9	-36	-39
-11	-29	-44
-12	-27	-45
-16	-31	-41
-17	-20	-47
12	-16	-50
2	-36	-40
0	-28	-46
0	-20	-50
0	-14	-52
-8	-30	-44
-12	-34	-40
-14	-20	-48
-20	-30	-40
6	-29	-45
-7	-33	-42
-15	-34	-39
-18	-27	-43
-27	-27	-38
4	-38	-38
2	-28	-46
10	-10	-52
2	-20	-50
2	-14	-52
-22	-22	-44
-26	-28	-38
12	-19	-49
4	-37	-39
8	-21	-49
3	-31	-44
0	-35	-41
7	-16	-51
9	-11	-52
4	-17	-51
4	-9	-53
-9	-35	-40
-11	-24	-47
-16	-25	-45
-16	-21	-47
-19	-32	-39
-21	-28	-41
-21	-23	-44
-24	-31	-37
11	-17	-50
5	-26	-47
2	-35	-41
7	-19	-50
5	-22	-49
1	-10	-53
-10	-31	-43
-13	-25	-46
-23	-34	-35
-25	-29	-38
4	-36	-40
8	-12	-52
-20	-24	-44
9	-23	-48
12	-13	-51
-12	-33	-41
-15	-33	-40
-13	-21	-48
-23	-33	-36
6	-24	-48
4	-28	-46
4	-20	-50
4	-14	-52
-14	-28	-44
0	0	-54
-18	-36	-36
-20	-20	-46
-24	-24	-42
11	-14	-51
3	-10	-53
-9	-34	-41
-13	-30	-43
1	-1	-54
-15	-22	-47
-18	-35	-37
-19	-21	-46
-23	-25	-42
0	-34	-42
0	-2	-54
-16	-30	-42
-24	-30	-38
11	-20	-49
5	-31	-44
4	-35	-41
7	-13	-52
7	-8	-53
-7	-32	-43
-17	-28	-43
-19	-31	-40
-19	-25	-44
-20	-29	-41
-23	-32	-37
10	-18	-50
2	-34	-42
-6	-38	-38
2	-2	-54
-18	-34	-38
-18	-22	-46
-22	-26	-42
10	-15	-51
1	-30	-45
6	-17	-51
1	-18	-51
-6	-37	-39
6	-9	-53
-9	-27	-46
1	-3	-54
-15	-26	-45
-26	-27	-39
1	-25	-48
0	-23	-49
1	-15	-52
-8	-29	-45
0	-11	-53
-11	-28	-45
-15	-32	-41
-25	-28	-39
-6	-36	-40
-12	-32	-42
0	-4	-54
-12	-22	-48
7	-26	-47
7	-22	-49
3	-30	-45
2	-23	-49
3	-18	-51
5	-10	-53
2	-11	-53
-9	-33	-42
-11	-37	-38
-10	-25	-47
3	-3	-54
-14	-37	-37
-14	-23	-47
-18	-33	-39
-17	-23	-46
-21	-27	-42
-22	-35	-35
-23	-31	-38
6	-28	-46
4	-34	-42
6	-20	-50
6	-14	-52
-10	-30	-44
2	-4	-54
-12	-26	-46
-14	-36	-38
-18	-26	-44
-22	-34	-36
9	-16	-51
3	-25	-48
0	-33	-43
0	-27	-47
3	-15	-52
-11	-36	-39
-24	-29	-39
10	-21	-49
9	-19	-50
2	-33	-43
2	-27	-47
1	-21	-50
-6	-35	-41
1	-5	-54
-14	-35	-39
-19	-30	-41
-22	-33	-37
8	-24	-48
4	-23	-49
11	-11	-52
4	-11	-53
-7	-31	-44
-11	-35	-40
-13	-29	-44
-16	-29	-43
-16	-17	-49
-31	-31	-32
10	-12	-52
4	-4	-54
-16	-24	-46
-18	-32	-40
-20	-28	-42
-30	-32	-32
15	-15	-50
5	-30	-45
5	-18	-51
3	-21	-50
3	-5	-54
-14	-27	-45
-15	-31	-42
-15	-18	-49
-21	-22	-45
-23	-30	-39
-30	-31	-33
14	-16	-50
-8	-38	-38
0	-6	-54
-14	-34	-40
-18	-18	-48
-22	-32	-38
-26	-26	-40
4	-33	-43
5	-25	-48
4	-27	-47
8	-17	-51
9	-13	-52
5	-15	-52
8	-9	-53
-8	-37	-39
1	-12	-53
-9	-32	-43
-12	-31	-43
-11	-23	-48
-13	-24	-47
-17	-36	-37
-17	-27	-44
-17	-19	-48
-20	-23	-45
-23	-24	-43
-25	-27	-40
-29	-32	-33
-6	-34	-42
2	-6	-54
-30	-30	-34
13	-17	-50
1	-29	-46
7	-10	-53
-11	-34	-41
-17	-35	-38
-14	-19	-49
-22	-25	-43
-29	-31	-34
0	-32	-44
0	-16	-52
-8	-36	-40
-16	-20	-48
-24	-28	-40
0	-19	-51
3	-12	-53
-19	-24	-45
-21	-35	-36
-28	-33	-33
8	-20	-50
2	-32	-44
8	-14	-52
2	-16	-52
-8	-28	-46
-28	-32	-34
9	-22	-49
13	-14	-51
6	-23	-49
3	-29	-46
1	-38	-39
5	-21	-50
2	-19	-51
6	-11	-53
5	-5	-54
-9	-26	-47
-10	-29	-45
1	-7	-54
-11	-27	-46
-14	-33	-41
-15	-25	-46
-17	-34	-39
-18	-31	-41
-19	-29	-42
-21	-34	-37
-21	-26	-43
-22	-31	-39
-29	-30	-35
12	-18	-50
4	-6	-54
12	-15	-51
1	-37	-40
-8	-35	-41
-13	-20	-49
-15	-21	-48
-19	-20	-47
-23	-29	-40
-28	-31	-35
6	-27	-47
3	-38	-39
7	-18	-51
-6	-33	-43
-7	-30	-45
3	-7	-54
-11	-33	-42
-15	-30	-43
-18	-25	-45
-18	-21	-47
-21	-33	-38
-27	-33	-34
4	-32	-44
4	-16	-52
-16	-28	-44
7	-25	-48
3	-37	-40
11	-16	-51
1	-36	-41
7	-15	-52
4	-19	-51
1	-24	-49
5	-12	-53
0	-13	-53
-9	-31	-44
-12	-25	-47
-13	-28	-45
-17	-33	-40
-20	-27	-43
-27	-32	-35
-29	-29	-36
0	-26	-48
0	-8	-54
-10	-24	-48
-12	-30	-44
-28	-30	-36
11	-19	-50
5	-29	-46
2	-13	-53
-13	-37	-38
-17	-22	-47
-25	-26	-41
2	-26	-48
0	-22	-50
-8	-34	-42
2	-8	-54
-14	-32	-42
-14	-22	-48
-22	-30	-40
3	-36	-41
3	-24	-49
0	-31	-45
-13	-36	-39
-12	-21	-49
-21	-32	-39
-24	-27	-41
-27	-31	-36
2	-22	-50
6	-6	-54
-10	-38	-38
-14	-26	-46
-18	-30	-42
-26	-34	-34
10	-17	-51
7	-21	-50
2	-31	-45
1	-35	-42
9	-10	-53
-5	-38	-39
5	-7	-54
-10	-37	-39
-17	-26	-45
-26	-33	-35
12	-12	-52
-20	-36	-36
8	-23	-49
11	-13	-52
1	-28	-47
8	-11	-53
-5	-37	-40
4	-13	-53
1	-17	-52
-11	-32	-43
-13	-35	-40
-16	-37	-37
-17	-32	-41
-16	-23	-47
-19	-28	-43
-20	-35	-37
-23	-28	-41
-23	-23	-44
-28	-29	-37
4	-26	-48
6	-16	-52
-6	-32	-44
4	-8	-54
-10	-36	-40
-16	-36	-38
-22	-24	-44
-26	-32	-36
3	-35	-42
6	-19	-51
1	-9	-54
-21	-21	-46
-27	-30	-37
10	-20	-50
10	-14	-52
4	-22	-50
-10	-28	-46
-20	-34	-38
-20	-22	-46
4	-31	-45
5	-24	-49
3	-28	-47
7	-12	-53
3	-17	-52
1	-20	-51
-5	-36	-41
-8	-33	-43
-8	-27	-47
-13	-23	-48
-15	-29	-44
-16	-35	-39
-21	-31	-40
-21	-25	-44
9	-18	-51
1	-34	-43
1	-14	-53
-7	-29	-46
3	-9	-54
-9	-30	-45
-10	-35	-41
-11	-26	-47
-13	-34	-41
-11	-22	-49
-14	-31	-43
-19	-23	-46
-22	-29	-41
-25	-34	-35
-26	-31	-37
9	-15	-52
3	-20	-51
-9	-25	-48
-12	-29	-45
-15	-24	-47
-16	-27	-45
-20	-33	-39
-25	-33	-36
-16	-34	-40
-16	-16	-50
-20	-26	-44
-28	-28	-38
3	-34	-43
6	-13	-53
-5	-35	-42
3	-14	-53
-7	-38	-39
7	-7	-54
-13	-27	-46
-17	-31	-42
-18	-29	-43
-15	-17	-50
-17	-18	-49
-25	-25	-42
-27	-29	-38
6	-26	-48
0	-30	-46
6	-8	-54
0	-10	-54
-18	-24	-46
-24	-26	-42
5	-28	-47
5	-17	-52
-7	-37	-40
-11	-31	-44
-16	-19	-49
-25	-32	-37
6	-22	-50
2	-30	-46
2	-10	-54
-10	-34	-42
-14	-18	-50
-26	-30	-38
14	-15	-51
9	-21	-50
-6	-31	-45
5	-9	-54
-13	-33	-42
-21	-30	-41
-23	-27	-42
8	-16	-52
-8	-32	-44
-12	-24	-48
-20	-32	-40
13	-16	-51
7	-24	-49
8	-19	-51
1	-33	-44
5	-20	-51
0	-25	-49
-7	-36	-41
-16	-33	-41
0	-1	-55
-15	-20	-49
-19	-36	-37
-19	-27	-44
-19	-19	-48
-24	-35	-35
0	-18	-52
-18	-20	-48
-24	-34	-36
2	-25	-49
10	-11	-53
1	-23	-50
5	-14	-53
-5	-34	-43
-10	-23	-49
1	-2	-55
-14	-25	-47
-13	-19	-50
-17	-25	-46
-19	-35	-38
-25	-31	-38
4	-30	-46
2	-18	-52
4	-10	-54
-12	-38	-38
-14	-30	-44
-22	-28	-42
12	-17	-51
3	-33	-44
1	-27	-48
9	-12	-53
0	-15	-53
-12	-37	-39
0	-3	-55
-15	-28	-45
-17	-21	-48
-24	-33	-37
-27	-28	-39
3	-23	-50
2	-15	-53
-7	-35	-42
1	-11	-54
-9	-29	-46
-10	-33	-43
-10	-27	-47
2	-3	-55
-15	-37	-38
-14	-21	-49
-17	-30	-43
-19	-34	-39
-22	-23	-45
-26	-29	-39
-12	-36	-40
13	-13	-52
4	-25	-49
3	-27	-48
0	-39	-39
7	-17	-52
8	-13	-53
0	-21	-51
-7	-28	-47
-13	-32	-43
1	-4	-55
-15	-36	-39
-20	-31	-41
-21	-24	-45
12	-14	-52
0	-38	-40
4	-18	-52
8	-8	-54
-8	-26	-48
-12	-28	-46
-12	-20	-50
-16	-32	-42
-16	-22	-48
-18	-28	-44
-24	-32	-38
11	-18	-51
2	-39	-39
2	-21	-51
7	-9	-54
3	-11	-54
-9	-38	-39
-11	-30	-45
-21	-29	-42
-25	-30	-39
8	-22	-50
2	-38	-40
-16	-26	-46
11	-15	-52
7	-20	-51
1	-32	-45
0	-37	-41
0	-29	-47
4	-15	-53
-5	-33	-44
-8	-31	-45
-9	-37	-40
-12	-35	-41
3	-4	-55
-11	-25	-48
0	-5	-55
-15	-35	-40
-19	-33	-40
-20	-25	-45
-20	-21	-47
-23	-35	-36
-24	-25	-43
6	-10	-54
-6	-30	-46
2	-37	-41
5	-23	-50
2	-29	-47
7	-14	-53
-7	-34	-43
2	-5	-55
-13	-26	-47
-13	-22	-49
-19	-22	-47
-23	-34	-37
-23	-26	-43
5	-27	-48
3	-32	-45
4	-21	-51
-4	-39	-39
-9	-36	-41
-9	-24	-49
-15	-23	-48
-24	-31	-39
-27	-27	-40
10	-16	-52
0	-36	-42
-4	-38	-40
0	-12	-54
-10	-32	-44
-26	-28	-40
10	-19	-51
6	-25	-49
5	-11	-54
1	-6	-55
-11	-21	-50
-14	-29	-45
-15	-34	-41
-18	-37	-37
-18	-23	-47
-19	-26	-45
-22	-27	-43
-23	-33	-38
2	-36	-42
6	-18	-52
2	-12	-54
-12	-34	-42
-18	-36	-38
-20	-30	-42
4	-29	-47
-4	-37	-41
1	-19	-52
1	-16	-53
4	-5	-55
-13	-31	-44
-16	-31	-43
-17	-29	-44
-19	-32	-41
-25	-29	-40
6	-15	-53
-9	-35	-42
3	-6	-55
-15	-27	-46
-18	-35	-39
-32	-32	-32
9	-17	-52
0	-35	-43
11	-12	-53
3	-19	-52
3	-16	-53
-5	-32	-45
-7	-33	-44
-9	-28	-47
0	-7	-55
-12	-23	-49
-17	-24	-47
-21	-28	-43
-23	-32	-39
-31	-32	-33
0	-24	-50
-4	-36	-42
4	-12	-54
-14	-24	-48
-22	-36	-36
-24	-30	-40
7	-23	-50
2	-35	-43
6	-21	-51
1	-31	-46
10	-13	-53
1	-26	-49
9	-9	-54
-6	-39	-39
2	-7	-55
-11	-29	-46
-15	-33	-42
-18	-27	-45
-17	-17	-50
-22	-35	-37
-30	-33	-33
-31	-31	-34
2	-24	-50
8	-10	-54
-6	-38	-40
-8	-30	-46
-10	-26	-48
-18	-34	-40
-16	-18	-50
-30	-32	-34
9	-20	-51
-7	-27	-48
-12	-33	-43
-12	-27	-47
-15	-16	-51
-10	-22	-50
-14	-38	-38
-22	-34	-38
-22	-22	-46
3	-31	-46
3	-26	-49
9	-14	-53
1	-22	-51
7	-11	-54
-6	-37	-41
-6	-29	-47
1	-13	-54
-9	-34	-43
5	-6	-55
-10	-31	-45
-11	-38	-39
-14	-37	-39
-14	-17	-51
-15	-19	-50
-19	-31	-42
-18	-19	-49
-21	-23	-46
-26	-27	-41
-29	-33	-34
-30	-31	-35
0	-28	-48
-24	-24	-44
5	-19	-52
5	-16	-53
-4	-35	-43
4	-7	-55
-8	-25	-49
-11	-37	-40
1	-8	-55
-16	-25	-47
-17	-20	-49
-20	-29	-43
-23	-31	-40
-23	-25	-44
-25	-28	-41
-29	-32	-35
8	-18	-52
4	-24	-50
2	-28	-48
0	-34	-44
-14	-36	-40
-16	-30	-44
-20	-24	-46
3	-22	-51
3	-13	-54
-13	-30	-45
-13	-18	-51
-18	-33	-41
-22	-33	-39
14	-14	-52
2	-34	-44
6	-12	-54
-6	-36	-42
-14	-28	-46
-14	-20	-50
-22	-26	-44
-28	-34	-34
-30	-30	-36
13	-15	-52
8	-15	-53
0	-17	-53
-7	-32	-45
3	-8	-55
-11	-36	-41
-11	-24	-49
-13	-25	-48
-15	-32	-43
-17	-28	-45
-16	-21	-49
-24	-29	-41
-28	-33	-35
-29	-31	-36
5	-26	-49
2	-17	-53
-5	-31	-46
-14	-35	-41
-17	-37	-38
-19	-25	-46
12	-16	-52
4	-28	-48
0	-20	-52
-12	-32	-44
-20	-20	-48
-28	-32	-36
8	-21	-51
-8	-39	-39
-9	-33	-44
0	-9	-55
-12	-19	-51
-17	-36	-39
-21	-36	-37
-19	-21	-48
-21	-27	-44
2	-20	-52
-4	-34	-44
-8	-38	-40
-22	-32	-40
5	-22	-51
1	-30	-47
5	-13	-54
-6	-35	-43
6	-7	-55
2	-9	-55
-11	-35	-42
-9	-23	-50
-13	-21	-50
-15	-26	-47
-15	-22	-49
-19	-30	-43
-21	-35	-38
-23	-30	-41
-27	-34	-35
-29	-30	-37
6	-24	-50
0	-14	-54
-18	-32	-42
-18	-22	-48
11	-17	-52
7	-19	-52
0	-33	-45
7	-16	-53
4	-17	-53
-8	-37	-41
5	-8	-55
-8	-29	-47
-9	-27	-48
-11	-28	-47
-17	-35	-40
-27	-33	-36
-28	-31	-37
10	-10	-54
2	-14	-54
-10	-30	-46
-14	-34	-42
-18	-26	-46
-26	-26	-42
3	-30	-47
2	-33	-45
9	-11	-54
-21	-34	-39
-25	-27	-42
4	-20	-52
-20	-28	-44
1	-39	-40
12	-13	-53
4	-9	-55
-11	-20	-51
-15	-31	-44
-16	-29	-45
-17	-23	-48
-27	-32	-37
8	-12	-54
-6	-28	-48
-8	-36	-42
-12	-26	-48
-24	-28	-42
1	-38	-41
11	-14	-53
1	-25	-50
-7	-31	-46
-7	-26	-49
1	-10	-55
-11	-34	-43
-10	-25	-49
-13	-29	-46
-14	-23	-49
-17	-34	-41
-22	-31	-41
-26	-35	-35
-29	-29	-38
10	-18	-52
4	-14	-54
-6	-34	-44
-12	-22	-50
-26	-34	-36
-28	-30	-38
0	-27	-49
-3	-39	-40
0	-23	-51
-4	-33	-45
-9	-32	-45
-12	-31	-45
-21	-33	-40
-23	-24	-45
7	-22	-51
1	-37	-42
10	-15	-53
3	-25	-50
2	-27	-49
6	-17	-53
2	-23	-51
-3	-38	-41
7	-13	-54
1	-18	-53
-5	-30	-47
3	-10	-55
-13	-38	-39
-14	-33	-43
-14	-27	-47
-17	-27	-46
-18	-31	-43
-21	-22	-47
-22	-25	-45
-23	-29	-42
-26	-33	-37
-27	-31	-38
0	0	-56
-16	-24	-48
7	-8	-55
-8	-35	-43
-13	-37	-40
1	-1	-56
-19	-29	-44
-20	-37	-37
-20	-23	-47
6	-20	-52
0	-32	-46
-8	-24	-50
0	-2	-56
-20	-36	-38
-3	-37	-42
3	-18	-53
6	-9	-55
1	-15	-54
-10	-39	-39
-10	-21	-51
-17	-33	-42
-21	-26	-45
2	-32	-46
-10	-38	-40
2	-2	-56
-16	-38	-38
-26	-32	-38
9	-19	-52
4	-27	-49
1	-36	-43
9	-16	-53
4	-23	-51
1	-29	-48
1	-21	-52
-5	-39	-40
0	-11	-55
-11	-33	-44
-13	-36	-41
1	-3	-56
-13	-24	-49
-16	-37	-39
-20	-35	-39
-16	-17	-51
-19	-24	-47
-21	-32	-41
-25	-35	-36
-28	-29	-39
6	-14	-54
-18	-18	-50
-22	-30	-42
5	-25	-50
-5	-38	-41
3	-15	-54
-6	-33	-45
5	-10	-55
2	-11	-55
-10	-37	-41
-10	-29	-47
-11	-23	-50
-15	-30	-45
-15	-18	-51
-17	-19	-50
-25	-34	-37
-25	-26	-43
-27	-30	-39
-8	-28	-48
0	-4	-56
-16	-36	-40
3	-29	-48
3	-21	-52
-3	-36	-43
-11	-27	-48
3	-3	-56
-15	-25	-48
-15	-15	-52
-20	-27	-45
-24	-27	-43
-4	-32	-46
-8	-34	-44
2	-4	-56
-14	-32	-44
-16	-28	-46
-14	-16	-52
-16	-20	-50
-20	-34	-40
11	-11	-54
5	-18	-53
-5	-37	-42
-7	-30	-47
-9	-31	-46
-9	-26	-49
-13	-35	-42
-14	-19	-51
-18	-25	-47
-25	-33	-38
-26	-31	-39
10	-12	-54
-10	-36	-42
-12	-30	-46
-18	-30	-44
1	-35	-44
8	-17	-53
4	-11	-55
1	-5	-56
-13	-28	-47
-16	-35	-41
-17	-32	-43
-13	-17	-52
-19	-20	-49
-23	-28	-43
6	-23	-51
9	-13	-54
5	-15	-54
-6	-27	-49
-9	-22	-51
-15	-21	-50
-18	-21	-49
-21	-31	-42
8	-20	-52
4	-4	-56
-24	-36	-36
-28	-28	-40
5	-21	-52
0	-31	-47
-3	-35	-44
-5	-36	-43
8	-9	-55
0	-19	-53
-5	-29	-48
-7	-39	-40
1	-12	-55
-11	-32	-45
3	-5	-56
-12	-25	-49
-13	-20	-51
-19	-28	-45
-20	-33	-41
-24	-35	-37
-25	-32	-39
-27	-29	-40
0	-16	-54
0	-6	-56
-12	-18	-52
13	-14	-53
2	-31	-47
2	-19	-53
7	-10	-55
-7	-38	-41
-7	-25	-50
-10	-35	-43
-13	-34	-43
-17	-26	-47
-19	-37	-38
-17	-22	-49
-22	-29	-43
-23	-23	-46
8	-14	-54
0	-26	-50
2	-16	-54
-6	-32	-46
2	-6	-56
-10	-24	-50
-14	-26	-48
-16	-34	-42
-22	-24	-46
-24	-34	-38
-26	-30	-40
12	-15	-53
1	-24	-51
3	-12	-55
-8	-33	-45
-19	-36	-39
2	-26	-50
-14	-22	-50
1	-34	-45
7	-18	-53
6	-11	-55
-7	-37	-42
-14	-31	-45
-15	-29	-46
-21	-25	-46
11	-16	-53
3	-24	-51
1	-28	-49
4	-19	-53
-4	-31	-47
-5	-35	-44
5	-5	-56
-12	-39	-39
1	-7	-56
-11	-19	-52
-12	-21	-51
-17	-31	-44
-16	-23	-49
-19	-35	-40
-21	-21	-48
-24	-33	-39
-25	-31	-40
-25	-25	-44
4	-16	-54
0	-22	-52
4	-6	-56
-10	-28	-48
-12	-38	-40
-20	-32	-42
-20	-22	-48
-24	-26	-44
7	-15	-54
-3	-34	-45
-9	-30	-47
-15	-38	-39
-18	-29	-45
-21	-30	-43
4	-26	-50
2	-22	-52
-10	-34	-44
-20	-26	-46
7	-21	-52
3	-28	-49
5	-12	-55
-7	-36	-43
-7	-29	-48
0	-13	-55
-8	-27	-49
3	-7	-56
-8	-23	-51
-12	-37	-41
-12	-29	-47
-13	-33	-44
-15	-37	-40
-16	-33	-43
-16	-27	-47
-19	-23	-48
-23	-36	-37
-23	-27	-44
-27	-28	-41
10	-17	-53
2	-13	-55
-11	-31	-46
-11	-26	-49
-13	-23	-50
-19	-34	-41
-23	-35	-38
-26	-29	-41
0	-40	-40
0	-8	-56
-24	-32	-40
