-3.74600252
-5.40619719
-4.891801255
-5.06965173
-4.43639088
-4.61703195
-4.540426146666666
-5.05049553
-5.279535293333333
-5.22379126
-4.2410015925
-4.3591473775
-4.353315895
-4.31426217
-4.3781616125
-4.635307685
-4.8783478175
-4.9749735225
-4.7360572125
-5.065632085
-5.13872123
-5.34219099
-5.3355663025
-5.27430074
-5.40564416
-4.35435613
-5.3474010425
-4.37666114
-5.43288114
-4.131253496
-4.226797512
-4.22797604
-4.197204172
-4.411256194
-4.606937974
-4.730803538
-4.488889878
-4.60972013
-4.793790364
-4.668356818
-4.745357096
-4.765920784
-4.983513294
-5.110821016
-4.852781212
-4.9880592440000004
-5.190464438
-5.063600468
-5.160049416
-5.185916862
-5.356206918
-5.362061328
-5.2967836660000005
-4.2473190899999995
-4.794526458
-5.183827846
-5.419505774
-4.059285218333334
-4.1429752933333335
-4.132843678333333
-4.145337306666667
-4.1395316866666665
-4.108094746666667
-4.16440952
-4.169759231666666
-4.14481883
-4.146620741666667
-4.28045254
-4.423503761666667
-4.527370058333333
-4.527799665
-4.485120668333333
-4.34709433
-4.5703567383333334
-4.6091525550000005
-4.573639933333333
-4.595133855
-4.437076436666667
-4.575229471666667
-4.522403006666667
-4.576361418333334
-4.52327706
-4.545176836666667
-4.597345625
-4.568768531666667
-4.52221006
-4.5958719766666665
-4.539615968333334
-4.721779138333333
-4.882707908333333
-4.942174136666667
-4.775777935
-4.609243271666666
-4.93973034
-4.99592003
-5.01102199
-5.071031595
-4.719691843333334
-4.932082383333333
-4.902044826666667
-4.826636926666667
-4.935646496666666
-4.849622961666666
-4.994807355
-4.989859151666667
-4.830114066666667
-4.952258086666666
-4.854518605
-5.050614835
-5.177704918333333
-5.171384233333334
-5.129655035
-4.92816367
-5.250599871666666
-5.283840863333333
-5.245164693333334
-5.290389256666667
-5.050567861666667
-5.251377368333333
-5.17862755
-5.257479228333334
-5.169510215
-5.200990328333334
-5.311880988333333
-5.237421238333334
-5.174621478333333
-5.319670745
-5.22013662
-5.362475275
-5.385120026666667
-5.375668610000001
-5.373743591666667
-5.313415788333333
-5.426316458333333
-5.43009498
-5.380263663333333
-5.435957718333333
-4.010071604285715
-4.084974675714286
-4.075664381428571
-4.0827331042857145
-4.052053267142857
-4.09575477
-4.1907355228571435
-4.315458065714286
-4.39684937
-4.397977321428572
-4.244963011428571
-4.437145002857143
-4.323106082857143
-4.433029225714286
-4.400484841428571
-4.462153555714286
-4.417495925714285
-4.455346851428572
-4.397824932857143
-4.539436018571428
-4.6837725557142855
-4.776480632857143
-4.4608552985714285
-4.724208768571429
-4.321797205714286
-4.4629666185714285
-4.442335488571429
-4.3595713528571425
-4.4083232628571425
-4.472023368571429
-4.542248878571429
-4.720509028571429
-4.731194671428571
-4.714704955714285
-4.651144029999999
-4.815224438571429
-4.635912131428571
-4.806089211428572
-4.952637848571428
-5.045442718571429
-4.698307901428572
-5.008900397142858
-4.544480967142857
-4.759941954285714
-4.783333544285715
-4.589924787142857
-4.649032442857143
-4.870587842857143
-4.687062651428571
-4.868106347142857
-4.731054538571429
-4.8153890157142865
-4.832325035714286
-4.873254171428571
-4.8007706699999995
-5.008064838571428
-5.0031516499999995
-5.004847112857143
-4.919427604285715
-5.101413097142857
-4.8051799314285715
-5.042815271428571
-5.073376702857144
-4.858203201428571
-4.934353424285715
-5.15105168
-4.923334597142857
-5.0954274971428575
-5.215628208571429
-5.207703255714286
-4.987976925714285
-5.279085577142857
-4.959255642857143
-5.157884064285715
-5.008949111428572
-5.096705829999999
-5.133556135714286
-5.156678647142857
-5.094288855714285
-5.268814761428572
-5.213687521428571
-5.3106804414285715
-5.225702697142857
-5.317120592857143
-5.099664882857143
-5.310983531428571
-5.284329474285714
-5.169402347142857
-5.252255714285715
-5.3457493157142855
-5.24611053
-5.372856064285714
-5.385089450000001
-5.377476691428571
-5.326399868571428
-5.428464205714286
-4.10488835
-4.4614937914285715
-4.818215121428572
-4.816281057142858
-5.096608737142858
-5.103934358571428
-5.312632852857143
-5.42916067
-3.97485768375
-4.03584967875
-4.028849185
-4.03340027875
-4.03314853875
-4.01214513125
-4.04648674625
-4.05494
-4.12526145875
-4.23842072375
-4.30659049875
-4.31373416875
-4.27503273125
-4.1737979675
-4.335635085
-4.35693425
-4.2399818175
-4.34265610625
-4.30207748
-4.3568119725
-4.30543338625
-4.31916359375
-4.3629077225
-4.360656695
-4.29746987625
-4.41974971375
-4.538532065
-4.6141472975
-4.45919407
-4.34834906875
-4.5787538325
-4.6537296975
-4.23987617
-4.3641938125
-4.336390425
-4.35175946125
-4.3656324875
-4.3204784275
-4.3786694725
-4.3723206
-4.4222861725
-4.56494313625
-4.57957041625
-4.647183535
-4.56746996375
-4.5178867375
-4.64565319
-4.68419887625
-4.49199895
-4.62647322125
-4.765116135
-4.92964702375
-4.6777196525
-4.5474591775
-4.80196045875
-4.9232185775
-4.42160641875
-4.60099378125
-4.6546950625
-4.49866338625
-4.64565793625
-4.50958781
-4.71555209625
-4.687759285
-4.5420712
-4.68912861625
-4.607804845
-4.60403318375
-4.60823189125
-4.66738528625
-4.71305158875
-4.65001762375
-4.62600652
-4.8005872625
-4.8439881375
-4.83649417625
-4.793128105
-4.72700259
-4.91607290625
-4.92342613125
-4.6306994075
-4.83912007125
-4.8970017975
-4.79554681625
-4.876137915
-4.73976293125
-4.96778574
-4.9695469475
-4.7157127575
-4.8680185975
-5.0101197125
-5.09744153375
-4.9186795525
-4.77046004375
-5.06130233625
-5.14600269375
-4.54240746875
-4.7249358525
-4.62096384125
-4.691208685
-4.68753576625
-4.6655858225
-4.726583295
-4.72122398
-4.62913730625
-4.83716505875
-4.88061387
-4.79935635625
-4.8806943475
-4.724524945
-4.95929358375
-4.97018501375
-4.76293146875
-4.9665238175
-4.89170521875
-4.8897271825
-4.9251086575
-4.9063204
-5.01072123125
-4.96849469875
-4.76211958625
-4.96309273375
-4.85650953375
-5.0269796075
-4.91741076625
-4.90768811375
-4.96219427125
-5.01661404875
-4.86239619875
-5.050314805
-5.058350845
-5.1514680625
-5.05683202875
-4.96794385
-5.14177382
-5.18646291
-4.87069218875
-5.0929773125
-5.14534295
-4.96536247875
-5.14288309875
-4.98846311
-5.21968012625
-5.1855151175
-4.9772828375
-5.13034260375
-5.241397055
-5.2371290925
-5.19544377625
-5.03356370375
-5.30022297625
-5.34103177875
-5.00750869125
-5.20522041
-5.09617810625
-5.0970975925
-5.09494515875
-5.16683548375
-5.24995840875
-5.14065247
-5.01126134375
-5.22337437875
-5.1231297575
-5.19990283875
-5.17298029875
-5.1834530475
-5.21977547
-5.2218491425
-5.1293311175
-5.2850741825
-5.2466040425
-5.33887882375
-5.23312992875
-5.2452671575
-5.343584855
-5.33891568375
-5.1326487775
-5.325403705
-5.30788111375
-5.30025407
-5.3309586725
-5.26831794375
-5.36208382625
-5.37217248625
-5.26476403375
-5.37401538375
-5.38684929125
-5.3851733025
-5.38013022125
-5.33686730625
-5.42188278625
-5.42786655125
-4.03752674625
-4.0346185975
-4.05051714375
-4.04758192625
-4.0527237325
-4.2965380225
-4.30543783375
-4.376233625
-4.36066535
-4.3475829475
-4.36070162125
-4.35046576625
-4.37816623625
-4.36186909875
-4.3804459675
-4.612479395
-4.5814141875
-4.6818169725
-4.69397591
-4.70550978625
-4.60371590375
-4.58405901875
-4.679681095
-4.68147190125
-4.70601288375
-4.8837458875
-4.79981659875
-4.96864592625
-4.9792159925
-5.07575630625
-4.53855585125
-4.6168238075
-4.652462595
-4.66242091875
-4.569056645
-4.6963586075
-4.6979451275
-4.71354178125
-4.718260695
-4.7175839325
-4.89193272125
-4.8869797025
-4.96686917875
-4.97882398375
-4.9745937575
-4.79548478875
-4.84478807125
-4.9055031075
-4.93158905375
-4.863387505
-5.0992502075
-5.06084284125
-5.17683573625
-5.2060280275
-5.23304187875
-4.80259145
-4.8344733375
-4.922846835
-4.92539552875
-4.87920458125
-5.0982775175
-5.05263978
-5.1970849225
-5.18849878125
-5.25302513
-5.024638795
-5.094173975
-5.14169635375
-5.1447971875
-5.06596194375
-5.24592390625
-5.243593795
-5.33882956625
-5.34451763125
-5.345731045
-5.21392189125
-5.21434953875
-5.24959543625
-5.26061941875
-5.25900863125
-5.34554031125
-5.30798980625
-5.38080019375
-5.38847906625
-5.42478465
-5.389648705
-5.38547205
-5.427895025
-5.42916827875
-5.43231813875
-4.03386617875
-4.3115560125
-4.60885571125
-4.3497616225
-4.50040466
-4.60501397625
-4.6507613575
-4.83964203
-4.69409036
-4.797759245
-4.97804755
-5.09802616875
-4.8841834575
-4.796759185
-4.9650026825
-5.14616797125
-5.2384127575
-5.095626975
-5.210265795
-5.3003166975
-5.38208726125
-4.02958798625
-4.0503127475
-4.04926346
-4.2963986075
-4.36430215375
-4.345389085
-4.60687822125
-4.649609375
-4.71154300375
-4.6116411275
-4.6554681325
-4.5751435575
-4.6982926525
-4.71493352875
-4.71862158625
-4.53811642625
-4.718001485
-4.710889095
-4.89257701
-4.97040265125
-4.96839746
-4.88512115375
-4.8729401175
-4.87551876375
-4.795530975
-4.96469506375
-5.06515932375
-5.10102001375
-5.14070018
-5.26250053375
-4.803221585
-4.9601746375
-4.85667486875
-5.10017471875
-5.14108770375
-5.06418588375
-5.02392039625
-5.22264987625
-5.232947865
-5.24546252875
-5.33639635625
-5.3453722725
-5.21602526625
-5.2491563975
-5.2612869125
-5.3881342375
-5.4284730475
-5.42640128125
-4.055814585
-4.3573852575
-4.64887057
-4.36878286125
-4.68616761625
-4.64969795625
-4.9206854525
-4.71657946125
-4.96923257375
-5.14524207875
-4.9707637725
-4.9710550875
-5.1945016
-5.3467777525
-5.1395303975
-5.25793447
-5.38621726375
-5.4298293225
-4.04260132375
-4.3767969075
-4.71554811
-4.6553204875
-4.7121126275
-4.9718426875
-4.96253644375
-5.265618995
-4.88198774625
-5.15096587625
-5.34857497125
-5.264449285
-5.42669279375
-4.054806465
-4.64340643625
-4.871193415
-4.712388135
-4.97300802125
-5.1468825725
-5.265151485
-5.43059677
-3.9485887288888892
-3.996956885555556
-3.9961806266666664
-3.9988793499999997
-3.997361236666667
-4.000242112222222
-3.9782600966666664
-4.0131488866666665
-4.014442788888889
-4.011959397777778
-4.077360702222222
-4.178824721111111
-4.23676917
-4.2352234200000005
-4.240674461111111
-4.240391436666666
-4.118841001111111
-4.26822076
-4.286793386666667
-4.279401155555556
-4.176254107777778
-4.273397692222222
-4.234944313333333
-4.291100463333333
-4.2835045422222215
-4.269831635555556
-4.247199215555556
-4.286699256666667
-4.292996814444445
-4.288087487777777
-4.222301473333333
-4.335842447777778
-4.430373762222222
-4.492222601111111
-4.497576364444445
-4.465710975555556
-4.2679703899999994
-4.460337234444444
-4.528196711111111
-4.564886762222222
-4.17753167
-4.29148699111111
-4.257813107777777
-4.242527445555556
-4.289889537777778
-4.244242794444444
-4.244415682222222
-4.305457784444445
-4.311192913333333
-4.2644406366666665
-4.332146134444445
-4.462064815555555
-4.465089243333334
-4.493633248888889
-4.55373566
-4.468544411111111
-4.412753715555556
-4.5237031355555555
-4.556183161111111
-4.545230341111111
-4.386345687777778
-4.504442185555556
-4.620374224444444
-4.728534991111111
-4.80149961
-4.656035744444444
-4.431848422222222
-4.6555472700000005
-4.758962004444445
-4.805625811111111
-4.178145173333333
-4.2848268166666665
-4.28504577
-4.267416743333333
-4.210896244444445
-4.287541414444444
-4.248145837777778
-4.3073855044444445
-4.301732401111111
-4.2988049477777786
-4.333018122222223
-4.485564800000001
-4.526846922222223
-4.466282443333333
-4.459864767777778
-4.495168696666666
-4.412368203333333
-4.581393191111111
-4.579571422222222
-4.549472916666667
-4.437900113333333
-4.560157915555555
-4.50144146
-4.590009971111112
-4.519330144444444
-4.57464211
-4.548812218888888
-4.57975857
-4.556059262222223
-4.5989840300000004
-4.503763151111111
-4.644997124444444
-4.689425367777778
-4.764076373333333
-4.753610613333333
-4.729059294444444
-4.593724724444445
-4.751107412222222
-4.792531107777778
-4.84015486
-4.507413573333333
-4.677860864444444
-4.736219937777778
-4.689705073333333
-4.743623575555556
-4.688424275555556
-4.604263562222222
-4.785189928888888
-4.825185887777778
-4.806481996666666
-4.572078784444445
-4.6938381611111115
-4.828338068888889
-4.937767995555556
-5.009540304444445
-4.866444725555556
-4.622621424444445
-4.864996479999999
-4.97528857888889
-5.030547205555555
-4.331268328888889
-4.489135486666666
-4.55707781
-4.5011376188888885
-4.367162983333333
-4.557563196666667
-4.4078126
-4.596532467777778
-4.581110336666667
-4.591432813333333
-4.4378784555555555
-4.586930194444445
-4.529611127777778
-4.529693574444445
-4.5270200733333334
-4.532536322222223
-4.544334812222222
-4.600912307777778
-4.584164954444444
-4.574973832222223
-4.503471176666667
-4.6787369666666665
-4.755576551111111
-4.73007695888889
-4.646629335555556
-4.759274716666667
-4.585416822222222
-4.8122493466666665
-4.829445536666666
-4.840617677777778
-4.618614901111111
-4.795227906666667
-4.759882147777778
-4.798716203333333
-4.716906883333333
-4.800942834444445
-4.742085753333333
-4.862957084444444
-4.829922725555556
-4.875550192222223
-4.6176626588888885
-4.78443362
-4.730110712222222
-4.76446875
-4.838031368888888
-4.730327213333333
-4.744407385555555
-4.809774922222222
-4.8231496655555555
-4.842826214444445
-4.693404276666667
-4.856182991111111
-4.901997726666667
-4.976630161111111
-4.97718018
-4.945667557777778
-4.784938325555555
-4.970254307777777
-5.008152415555555
-5.054679232222222
-4.50783438
-4.7238706144444444
-4.836234011111111
-4.697690283333333
-4.545828865555555
-4.792841372222222
-4.595437162222222
-4.915646986666667
-4.874898046666667
-4.8346455822222225
-4.700777088888889
-4.899838502222222
-4.980498556666666
-4.946006955555556
-4.853873385555556
-4.978958328888889
-4.802174228888889
-5.0480863977777775
-5.055455557777778
-5.066461917777778
-4.780353825555555
-4.918454208888889
-5.053929217777778
-5.13354697
-5.130702224444445
-5.103688845555556
-4.83026081
-5.098373925555555
-5.183719863333334
-5.238197952222222
-4.61913167
-4.822034215555556
-4.776897617777778
-4.690626482222222
-4.823801270000001
-4.687764593333333
-4.7405525511111115
-4.859530852222222
-4.863083765555555
-4.814379064444444
-4.696615821111111
-4.889824788888889
-4.944984202222222
-4.900582213333333
-4.971445218888889
-4.895061573333333
-4.783405188888889
-5.015336151111111
-5.049487688888889
-5.018603017777778
-4.6207829955555555
-4.82755544
-4.801195283333333
-4.729350787777778
-4.71706147
-4.763625463333334
-4.7417486166666665
-4.906219765555556
-4.86519215
-4.835557852222222
-4.73159343
-4.912260126666666
-4.765527618888889
-4.876021608888888
-4.801458157777778
-4.847035122222222
-4.884055409999999
-4.914514588888888
-4.831472391111111
-4.918170771111111
-4.821738068888888
-5.022875958888889
-4.971368027777777
-5.024745638888889
-4.933070543333333
-5.023578907777778
-4.954346498888889
-5.097362522222222
-5.05310635
-5.094935655555556
-4.823795493333333
-5.04221545
-5.001926462222222
-4.903317846666667
-5.045354388888889
-4.90178062
-4.967624852222222
-5.086617945555556
-5.085690161111112
-5.036053071111111
-4.82038791
-5.020104068888888
-4.945976027777778
-4.977691824444444
-5.046172076666667
-4.941144403333333
-4.954610685555555
-5.061304506666667
-5.059064981111111
-5.064983103333334
-4.913497562222222
-5.085123518888889
-5.101251723333333
-5.131998918888889
-5.206478008888889
-5.097039235555555
-5.009339828888889
-5.1805252855555555
-5.221006837777778
-5.224773977777778
-4.7061462700000005
-4.935605917777778
-5.048359782222223
-4.914971913333334
-4.744272283333333
-5.003778228888889
-4.799755794444445
-5.12893858
-5.091184068888889
-5.047351428888889
-4.827122258888888
-5.048719117777778
-5.023962415555555
-4.9383991655555555
-4.937642241111111
-4.97354935
-4.965664357777778
-5.13993245
-5.093139446666666
-5.056547877777778
-4.920222532222223
-5.125682962222222
-5.18805126
-5.099385234444444
-5.092434971111111
-5.133059111111112
-5.02642726
-5.255999041111111
-5.248348576666667
-5.219201405555555
-4.924637134444445
-5.137602066666667
-5.205629201111112
-5.160407944444445
-4.965065387777778
-5.210217015555555
-5.0324639200000005
-5.278753388888889
-5.254922775555555
-5.255288285555555
-5.0200928099999995
-5.15687959
-5.261887506666667
-5.269579732222223
-5.250086882222223
-5.264703865555556
-5.072306139999999
-5.314064388888889
-5.3555975122222215
-5.358764504444444
-4.943857596666667
-5.138689713333333
-4.98174943
-5.091335155555556
-5.023682901111111
-5.07463461
-5.119129554444445
-5.139125565555556
-5.047163736666667
-5.133824006666667
-5.044547477777778
-5.222094962222222
-5.13292769
-5.256679728888889
-5.1789776411111115
-5.237751096666667
-5.188725257777778
-5.259802594444444
-5.208081063333333
-5.283618718888889
-5.05110292
-5.255412524444444
-5.1873988777777775
-5.181835214444444
-5.1774776211111115
-5.186704868888889
-5.209077618888888
-5.286542212222222
-5.256482342222222
-5.268400633333333
-5.157643153333334
-5.300462318888889
-5.264694285555556
-5.352461203333333
-5.350769137777778
-5.326012778888889
-5.262144188888889
-5.356197281111111
-5.3544624955555555
-5.3890638811111105
-5.160557491111111
-5.333469148888889
-5.328990528888889
-5.266305342222222
-5.34267709
-5.265608786666666
-5.2825640711111115
-5.375941112222223
-5.383823916666667
-5.366471524444445
-5.164891384444444
-5.351450343333333
-5.353928588888889
-5.324172501111111
-5.2169771377777785
-5.357246620000001
-5.286915943333334
-5.417355411111111
-5.384914936666666
-5.385225485555555
-5.28017393
-5.3782462411111105
-5.389771836666666
-5.39300543
-5.382924636666667
-5.392163915555555
-5.34490438
-5.423311757777778
-5.42627204
-5.429222467777778
-4.0182843466666665
-4.313093867777777
-4.609040147777778
-4.27414391
-4.551622467777778
-4.866086428888889
-4.86539067888889
-4.7917948599999995
-5.082727204444445
-5.083191586666667
-5.27915492
-4.719549643333334
-5.009622251111111
-4.936379425555555
-5.211005766666667
-5.383020828888889
-5.317412761111111
-5.425873626666667
-3.997730263333333
-4.245026753333333
-4.261220942222222
-4.466869286666667
-4.29337021
-4.492012085555555
-4.529194403333333
-4.690431573333333
-4.690668164444444
-4.76229983
-4.732376488888889
-4.902976462222222
-4.809535617777778
-4.896999346666666
-4.777280848888889
-4.946019331111112
-5.001215221111111
-5.101320448888888
-4.827434907777778
-4.970950932222222
-5.050921305555556
-5.131368256666667
-5.018609204444444
-5.188273904444444
-5.266911738888889
-5.354242726666667
-5.331912667777778
-5.39554459
-4.014338805555556
-4.278565094444445
-4.321318524444445
-4.552205922222222
-4.716907648888888
-4.78851307
-4.933154374444444
-4.611287627777778
-4.858646691111111
-4.854419539999999
-5.006300762222222
-5.08313247
-5.089246184444445
-5.221053484444444
-5.317115437777778
-5.291274592222222
-5.384417466666666
-5.428016892222222
-4.0087894888888895
-4.299829011111111
-4.264479638888889
-4.543201321111111
-4.580349504444444
-4.867350153333334
-4.834232881111111
-4.876322464444445
-5.092948652222223
-4.81268062
-5.058580506666667
-4.8092688811111115
-5.034281463333333
-5.027466087777778
-5.233458433333333
-5.106274973333333
-5.274539056666667
-5.385589565555556
-5.367135607777778
-5.4315210333333335
-3.9266007010000004
-3.969529426
-3.9708797079999996
-3.9716394989999997
-3.970776979
-3.971646003
-3.969976426
-3.9724957529999996
-3.954570953
-3.9859292959999997
-3.984434564
-3.9883559409999996
-3.987149772
-3.98956842
-3.982394299
-3.971749449
-3.979786668
-4.040593155
-4.1272228140000005
-4.184540781
-4.1820753250000005
-4.183087953999999
-4.183016482
-4.17622957
-4.159025793
-4.076207943
-4.209857684
-4.225979103
-4.226758991
-4.228486603
-4.2433461999999995
-4.2420698
-4.210717035
-4.231285720000001
-4.1291723220000005
-4.211626903
-4.180861471
-4.230897799
-4.222976694
-4.229421968
-4.22719371
-4.18375456
-4.190102113
-4.225829537
-4.226715928
-4.246367098
-4.2457290190000005
-4.22289447
-4.227458638
-4.227068638
-4.241685717
-4.165522376
-4.265949242
-4.349307739
-4.4102006750000005
-4.401984412
-4.4150286450000005
-4.410428595
-4.295589786
-4.205548382
-4.378858182
-4.435893888
-4.457079392
-4.471052144
-4.478233962
-4.4861650609999995
-4.477582789
-4.476647535
-4.128798542
-4.232994087
-4.206185547
-4.186037139
-4.224273563
-4.227013234
-4.210506801999999
-4.231302729
-4.189521265
-4.241840633000001
-4.244451906
-4.2519383500000005
-4.252575909
-4.237727346
-4.22275032
-4.227890341
-4.242785057
-4.261689457
-4.38139596
-4.382270856
-4.409324698000001
-4.4561816190000005
-4.454533313000001
-4.443154197
-4.378996284
-4.335717883
-4.429616027
-4.459957647
-4.484526712
-4.502231958
-4.471280068
-4.471059865
-4.485477881
-4.503667353
-4.304960545
-4.414476252
-4.508019766
-4.6030379009999995
-4.665986555
-4.666076265
-4.642130156
-4.447360483
-4.347459603
-4.538490852000001
-4.635755255
-4.700474624
-4.7222981619999995
-4.731094625
-4.697195107000001
-4.763211368
-4.774546727
-4.129991147
-4.2284480449999995
-4.221385949
-4.215409271
-4.180060528
-4.212227748
-4.173719622
-4.223313008
-4.188789518
-4.2477865360000004
-4.2421543040000005
-4.239447405
-4.225702467
-4.247268721999999
-4.241859856
-4.182459071
-4.230359536
-4.2632360810000005
-4.40393325
-4.435436096
-4.385787423
-4.399944952
-4.442641347
-4.383373388
-4.43598753
-4.332513926
-4.4850101250000005
-4.4842224690000005
-4.481275622
-4.491441984
-4.498390803
-4.497069109
-4.445621764
-4.475619159
-4.356155124
-4.471313701
-4.406116345
-4.491552562
-4.452309479
-4.484921807
-4.457237113
-4.409063886
-4.4524687389999995
-4.487743014
-4.457011699000001
-4.501348544
-4.482100355
-4.453621911
-4.498502465
-4.4532074569999995
-4.502230388
-4.409422299
-4.538806654
-4.570039659
-4.636926925
-4.65797838
-4.694656043
-4.6335930339999996
-4.533866765
-4.486655238
-4.6306887009999995
-4.665574711
-4.724114993
-4.720733535
-4.727963072
-4.728813879
-4.728343354
-4.778450407999999
-4.412510183
-4.564660547
-4.608959059
-4.574215161
-4.655397262999999
-4.691882137
-4.60783716
-4.595009289
-4.49673716
-4.659217674
-4.69241514
-4.72345768
-4.756895137
-4.755406154
-4.716208622
-4.72773354
-4.779564242
-4.463658596
-4.572969747
-4.68709144
-4.78673736
-4.88531522
-4.9223056419999995
-4.819321643
-4.613104815
-4.505443357
-4.719294277
-4.818083673
-4.914997318999999
-4.951705771
-4.955987119
-4.913972313
-5.036095699
-5.075983359
-4.263100779
-4.400047009
-4.459027072
-4.441575101
-4.357067242
-4.321860578
-4.404713675
-4.430957842
-4.333544452
-4.496965616
-4.4986418729999995
-4.458076243
-4.433303949
-4.4846572700000005
-4.502762963
-4.323287312
-4.38299749
-4.35704511
-4.4897245869999995
-4.437946496
-4.4620459949999995
-4.467512816
-4.4047908829999995
-4.4932953300000005
-4.4630041810000005
-4.454653891
-4.500251867
-4.497869533
-4.485846818000001
-4.5050480010000005
-4.455519322
-4.4385188
-4.4053620559999995
-4.477294588
-4.410421223
-4.560001045
-4.628300849
-4.634676818
-4.600218272
-4.569972301
-4.637269332000001
-4.595674562
-4.486921464
-4.68028307
-4.725061612999999
-4.696462541
-4.6955062750000005
-4.728758781
-4.719335323
-4.604655848
-4.654789372
-4.511718838
-4.660358235
-4.632635049
-4.696948773
-4.662579988
-4.620518412
-4.698301339
-4.628591507
-4.622429119
-4.722623047
-4.725439761
-4.72405822
-4.713054361999999
-4.696876338
-4.698369592000001
-4.622540379
-4.704864237000001
-4.510835058
-4.651870094
-4.607485015
-4.661166078
-4.741183749
-4.665801353
-4.729016173
-4.622326125
-4.625400786
-4.6798562509999995
-4.722917842999999
-4.722611006
-4.786793358
-4.699630687
-4.6431357570000005
-4.698634585
-4.796611587999999
-4.571122838
-4.706728996
-4.752027019
-4.849923229
-4.891578651
-4.848107145
-4.888888419
-4.7117168640000004
-4.654233015
-4.806270028
-4.882025262
-4.9176928580000006
-4.948561808
-4.924971762
-4.885882842
-4.926668938000001
-4.994496264
-4.414526745
-4.595063927
-4.697159298
-4.611057769
-4.53448704
-4.53946047
-4.576546122
-4.670910187
-4.494223419
-4.761674018
-4.757148168
-4.697648293
-4.666589541
-4.7562146069999995
-4.786630043000001
-4.540568628
-4.576720589
-4.5773590429999995
-4.744594431
-4.822107949
-4.82334426
-4.810042009
-4.809577344
-4.823487886000001
-4.7793720319999995
-4.669010886000001
-4.871120867
-4.9172865969999995
-4.916937632
-4.905248005
-4.95337574
-4.951705307
-4.849173742
-4.895555386
-4.639568285
-4.751389938
-4.880372018
-4.981400446
-5.055860104
-5.053915952
-5.022460531
-4.797830992
-4.685747092
-4.913195045
-5.021350276
-5.090704207
-5.115162443
-5.131987189
-5.091657748
-5.173945032000001
-5.2002591879999995
-4.356747371
-4.486718143
-4.4538288260000005
-4.480630179
-4.403652232000001
-4.475737251
-4.40584907
-4.453514477000001
-4.450128047
-4.506038458
-4.483821522
-4.499165404
-4.46100229
-4.4805979229999995
-4.507599040000001
-4.414439833
-4.474060045
-4.409486333
-4.562204631
-4.656899508
-4.672316187
-4.532555353
-4.544269464
-4.608211731
-4.59035369
-4.481007806
-4.70069598
-4.723310365
-4.696672576999999
-4.63553789
-4.727499664
-4.787103653
-4.542622233
-4.5877853250000005
-4.356441673
-4.50900348
-4.469442141
-4.383425715
-4.4575674990000005
-4.481783233
-4.41288549
-4.507522988
-4.447736588
-4.512616824
-4.505585641
-4.50293202
-4.50935574
-4.498655253
-4.489853699999999
-4.455437485
-4.504631636
-4.510517868
-4.685266058
-4.670825343
-4.629423806
-4.668426968
-4.623807235
-4.66530456
-4.683244252
-4.61733175
-4.745216793
-4.758241352000001
-4.723344214
-4.745734758999999
-4.727486854
-4.702544717
-4.621580658
-4.704604757
-4.510784472999999
-4.6793735089999995
-4.6722078840000005
-4.6073998750000005
-4.6638796540000005
-4.730621812
-4.602042174
-4.680130582
-4.61730469
-4.736509072
-4.723196643
-4.756131595
-4.752656048
-4.75791244
-4.750898113
-4.695738263
-4.779921066
-4.571062396
-4.738295225
-4.816190925
-4.815271128
-4.815355029
-4.815464852
-4.816411308
-4.777904591
-4.646740029
-4.870770478
-4.9118486699999995
-4.917709515
-4.916404999
-4.953664149
-4.952328982
-4.851778798
-4.9093740949999995
-4.51092883
-4.69275204
-4.695967894000001
-4.671225071
-4.599127372
-4.606851055
-4.632358716000001
-4.697565399
-4.616931675
-4.787599382
-4.759446974
-4.725585334
-4.6976013309999995
-4.723034274
-4.744534839
-4.569870398
-4.6591303779999995
-4.608687742
-4.761201237
-4.6618943360000005
-4.76891641
-4.660056336
-4.765448207
-4.660770341
-4.661552228
-4.743240351
-4.782369256
-4.698574079
-4.788470093
-4.695343855
-4.696868057
-4.784133911
-4.662130183
-4.7809617609999995
-4.679933858
-4.855577489
-4.84770299
-4.925629375
-4.810370935
-4.8533033340000005
-4.852345711
-4.812764622
-4.795980844000001
-4.945447998000001
-4.918293354
-4.951299574
-4.880602958
-4.9164031569999995
-4.991354451
-4.810674542
-4.908988122
-4.681709314
-4.875421606
-4.867411361
-4.8159371
-4.891218714
-4.888003649
-4.852513174
-4.870842644
-4.807964055
-4.941989419
-4.947265810999999
-4.94280844
-4.990695124
-4.952692196999999
-4.918414643
-4.881673746
-4.989950396999999
-4.678762934
-4.847921218
-4.82168203
-4.856288702
-4.885315685
-4.99688398
-4.811303983
-4.804151256
-4.797459752
-4.904310842999999
-4.880193675999999
-4.985485528
-4.949344533
-4.954906943999999
-4.989531245
-4.959822947
-5.070512686
-4.751127585
-4.900228693
-4.951735935
-5.02167275
-5.054292079
-5.094607137
-5.016003361
-4.901225065
-4.835324149
-5.0162710189999995
-5.050524745
-5.126069924
-5.126170836
-5.125601802
-5.134446488
-5.137337829
-5.215819187
-4.5781493509999995
-4.785753541
-4.9148108839999995
-4.856936147
-4.684085574
-4.648644806
-4.788907675
-4.856624453
-4.6601423529999995
-4.987861164
-4.988449747
-4.886172742
-4.81873415
-4.948448814000001
-5.027934987
-4.648369664
-4.710208219
-4.684664086
-4.8850013279999995
-4.888416424
-4.877592212
-4.827458657999999
-4.740694602
-4.884286086
-4.877308554
-4.805840492
-4.994094407
-4.991640518
-4.912170861
-4.904249601
-4.922525376
-4.927411143
-4.740850793
-4.842568995
-4.757122272
-4.942491738999999
-5.026019552
-5.016416919
-4.99322093
-4.944621157
-5.018637978
-4.979531788
-4.850105686
-5.08659947
-5.11825262
-5.084950827
-5.083062421999999
-5.131438806
-5.135240293
-4.989028952
-5.061782915
-4.76031707
-4.950035076000001
-5.0518909
-5.0668349919999995
-4.9071253630000005
-4.9061038969999995
-4.9851883710000005
-4.981602425
-4.855007432
-5.113207683000001
-5.1217398240000005
-5.095002901
-5.009704299
-5.124368425
-5.21006055
-4.9072309259999995
-4.9721009700000005
-4.834172312
-4.960326684
-5.0873042580000005
-5.166869116
-5.165636702
-5.162354926
-5.164137225
-5.00273199
-4.880228826
-5.129232447
-5.20939222
-5.2419365319999995
-5.235020451
-5.285618853
-5.288791149
-5.252067137
-5.290229226
-4.510813909
-4.713803615
-4.710001803
-4.541733698
-4.66007466
-4.727746591
-4.578933749
-4.7526325499999995
-4.6157363369999995
-4.789519402
-4.758804191
-4.757589139
-4.789337371
-4.791802888
-4.76596031
-4.696935241
-4.779956853
-4.608628195
-4.789419308
-4.672905257
-4.693203273
-4.742462408
-4.699066357
-4.729821641
-4.7265815799999995
-4.7418283510000006
-4.793411006
-4.757455259
-4.756277205
-4.786889524
-4.6991655979999996
-4.678517836
-4.66506271
-4.796615254000001
-4.680594094
-4.881697685000001
-4.853877391999999
-4.816827385
-4.891288576
-4.886101582
-4.8552997079999995
-4.878323305
-4.795236731
-4.946585245
-4.953223664
-4.949909478
-4.987553245
-4.957404893
-4.92246673
-4.884503787
-4.991822238
-4.6838292379999995
-4.903557975
-4.904436929
-4.721030772000001
-4.881030594
-4.997123716
-4.758977747
-4.941818914000001
-4.806038351
-4.978163741
-4.943273182
-4.986257533
-5.02553528
-5.031120382
-4.99892814
-4.955371007
-5.068416598000001
-4.753989809
-4.9331148769999995
-4.986792383
-4.947117926
-5.052626921
-5.089312865
-4.985577312
-4.980016417
-4.8340692160000005
-5.054080304
-5.084700283
-5.127856435
-5.163454242
-5.162862835
-5.128235104
-5.139685224
-5.214474433
-4.682863691
-4.8858344780000005
-4.8801618410000005
-4.885353298
-4.828781243
-4.752978498
-4.891467606
-4.88958887
-4.795638516
-4.9828205599999995
-4.991353439
-4.92058015
-4.922450092
-4.915458816999999
-4.905023353
-4.751387154
-4.858051302
-4.7888332060000005
-4.9875968020000006
-4.891817123
-4.921883727
-4.892747017
-4.923594517
-4.8898843
-4.917890645
-4.938144335
-5.026549683
-4.951879551999999
-4.9852028840000004
-4.953358406
-4.918619012
-4.949857259
-4.849958743
-4.990624573
-4.7883012890000005
-4.985054645
-4.85960524
-4.912927509
-4.971029179
-4.852830314
-4.990642075
-4.912311724
-4.940338565999999
-4.9877943170000005
-4.988606441
-4.94792005
-5.026062069
-4.888234568
-4.822600712
-4.852270782
-5.001414103
-4.868572981
-5.054268308999999
-5.019314636
-5.0899730320000005
-5.06580255
-5.016660524000001
-5.08888867
-5.020797845
-4.990571343
-5.128906439
-5.1168242919999996
-5.1343631709999995
-5.12675679
-5.089308782
-5.091819591
-5.022321318
-5.135697662
-4.685752954
-4.9115423389999995
-4.928826515
-4.786722344999999
-4.815614656999999
-4.849169758
-4.789974277000001
-4.951434561
-4.804606088
-5.026724412
-4.984310087
-4.949840425
-4.943503191
-4.988272847
-5.000782032
-4.811835245
-4.892320681999999
-4.873540246999999
-5.083100868
-5.062479968
-5.0215778669999995
-5.06576836
-5.015804962
-5.067037444
-5.084809356
-5.007589728
-5.143756425
-5.153667643
-5.126559659
-5.150532259
-5.120144955
-5.091054885
-5.014829979
-5.121840436
-4.873409344000001
-5.083655009999999
-5.06472185
-4.992528965
-5.054901903999999
-5.131424048
-4.991710960000001
-5.084731286
-5.007215142
-5.151019713
-5.118445924
-5.164426607
-5.14656332
-5.160769074
-5.170872304
-5.092969136
-5.200835796
-4.8672784700000005
-5.050292874
-4.988728763
-5.049474506
-5.142847599
-5.050543128999999
-5.129846496
-5.013245235
-4.990886091
-5.08333091
-5.121573983999999
-5.126762071
-5.192837913
-5.096891403
-5.01970911
-5.097028549
-5.2214919250000005
-4.956822307
-5.114912897
-5.12838933
-5.164833536
-5.24400781
-5.238581291
-5.209727857
-5.119518104
-5.043799239
-5.202352893
-5.242758485
-5.285897836
-5.308577708
-5.275455409
-5.240494686
-5.284326288
-5.353360604000001
-4.762198839
-4.978411151
-5.09247893
-4.9855396679999995
-4.913753426
-4.907833305
-4.950333331
-5.064751360000001
-4.847030867
-5.170865887
-5.147710065
-5.094098489
-5.0515402
-5.156511518
-5.208665064
-4.909441621
-4.969843314
-4.8765676849999995
-5.08878536
-5.089013009
-5.059434685
-4.9926670049999995
-4.987398947
-5.020586556
-5.086993357
-5.005872513
-5.194445573
-5.151258802
-5.126411236
-5.081992226
-5.129503658
-5.1696787870000005
-4.945575699
-5.060277635
-4.876415076
-5.111518258
-5.118133149
-4.917071819
-5.052854421
-5.132096643
-4.962491719
-5.150485174
-5.018244469
-5.18836341
-5.147774673
-5.151451118
-5.187907742
-5.192987303000001
-5.17958958
-5.088910945
-5.199207405
-4.963087904
-5.151044187
-5.21376925
-5.128632897
-5.165191281
-5.20594326
-5.131149855
-5.200120946
-5.059485244999999
-5.278730782
-5.2670897
-5.278113313
-5.278817717
-5.30946271
-5.325688402
-5.203862211
-5.285888486999999
-4.9655357129999995
-5.165075228
-5.236962385
-5.2117246680000004
-5.094641374
-5.042977356
-5.163760841
-5.2085756750000005
-5.063548015
-5.306533075
-5.301365368
-5.253032043
-5.203486816
-5.269844433
-5.314066499
-5.0422125399999995
-5.127164876
-5.0554393939999995
-5.180016964
-5.274231716
-5.280277792
-5.276180649
-5.268484601
-5.280522704
-5.233753379
-5.102455094
-5.322685803000001
-5.360783595
-5.366400496
-5.360172288999999
-5.393843862
-5.3925399810000005
-5.320819334
-5.359286845
-4.983239297
-5.177135051
-5.053229157
-5.183872455
-5.056688771
-5.181122368
-5.052687091
-5.051975421
-5.14654932
-5.214260327
-5.08601726
-5.219894946
-5.086803578
-5.088811828
-5.2247321929999995
-5.0552424049999996
-5.224186329
-4.985809443
-5.192658843
-5.0719723000000005
-5.090419358
-5.1442594669999995
-5.09298843
-5.1320993790000005
-5.114060405
-5.159699505
-5.188772161
-5.145886469
-5.155828168
-5.192599477
-5.09145136
-5.058243643
-5.051268277
-5.218491887
-5.076177616
-5.240653377
-5.1650708430000005
-5.292186672
-5.244011775
-5.292597326
-5.234651454
-5.157128545
-5.2076279229999995
-5.287451704
-5.234742198
-5.326020384
-5.2842238440000004
-5.241829437
-5.299402954
-5.242187808
-5.363863783
-5.081571049
-5.271044824
-5.211808692
-5.2380336210000005
-5.266452794
-5.163526206
-5.280461075
-5.230321066
-5.225254681
-5.300789077
-5.300810226
-5.272225561
-5.307473473
-5.248806963
-5.207046919
-5.161747405
-5.300499641
-5.085006830999999
-5.287015971000001
-5.237801684
-5.26363066
-5.164872374
-5.253427465
-5.165620044
-5.234434317
-5.230072668
-5.348621768
-5.274209419
-5.32708098
-5.233688332
-5.280750005
-5.359918819
-5.162628026
-5.290384674
-5.180300255000001
-5.3068779290000005
-5.278269994
-5.363124964
-5.370402008
-5.36312629
-5.36435339
-5.264256532
-5.276208332
-5.3561383650000005
-5.365526428
-5.395208824
-5.397545545
-5.370539257
-5.363131296000001
-5.366617732
-5.4382609770000006
-5.084866217
-5.302582407
-5.266185992
-5.135172496
-5.243388009
-5.281082108
-5.187770115
-5.301341427
-5.243572594
-5.327796529
-5.301005865
-5.309026157
-5.329006627
-5.308696526
-5.295393364000001
-5.234575515
-5.337106414
-5.183511147
-5.340459657
-5.333454733
-5.27841741
-5.368369117
-5.36229887
-5.332505138
-5.347129334
-5.294087277
-5.379457902
-5.388914236
-5.392733043
-5.422301315
-5.395689401
-5.366894317
-5.361590215
-5.424213759
-5.187089627000001
-5.353363324
-5.367663934
-5.331711674
-5.2762609849999995
-5.318350905
-5.282256788
-5.358510174
-5.297659919
-5.419427059
-5.393311831
-5.3954370019999995
-5.361555085
-5.397548407
-5.431863342
-5.267989094
-5.353344039
-5.2923499739999995
-5.382293761
-5.39015621
-5.391046055
-5.39141209
-5.388514826
-5.391235427
-5.384743002
-5.350750675
-5.421705257
-5.42381532
-5.426520657999999
-5.424496318
-5.42685053
-5.425920314
-5.38757049
-5.425254035
-3.9819571590000002
-4.221968111000001
-4.234549451
-4.462843625
-4.450515213
-4.675172471
-4.489767851
-4.702997387
-4.663965972
-4.860918535
-4.493644305
-4.735292841
-4.757600224
-4.723074051999999
-4.916078027999999
-4.930756164
-5.06896813
-4.771237169
-4.919119992000001
-4.79282407
-4.995690664
-4.928512568
-5.100870572
-4.9913717470000005
-4.9926277290000005
-5.129790413
-5.175317892000001
-5.265757673
-5.051453244999999
-5.155364719
-5.1140333579999995
-5.245260641
-5.307519255
-5.364061565
-5.220731703
-5.327189949
-5.395418486
-5.427669807
